2 0.3461596593260765 0.6386598199605942 0.3484574109315872 0.5799911320209503
1 0.9227268695831299 0.4082009345293045 0.15450870990753174 0.6067326962947845
1 0.9231885969638824 0.3109150901436806 0.15365618467330933 0.40844742953777313
1 0.922333836555481 0.5462368130683899 0.15512919425964355 0.8854210376739502
2 0.6727920770645142 0.6006801724433899 0.2576265335083008 0.38228750228881836
1 0.9222700595855713 0.4811365604400635 0.15539264678955078 0.7580850124359131
2 0.6167077422142029 0.5998746901750565 0.1537853479385376 0.378802627325058
2 0.3461596593260765 0.6386598199605942 0.3484574109315872 0.5799911320209503
1 0.9227268695831299 0.4082009345293045 0.15450870990753174 0.6067326962947845
1 0.9231885969638824 0.3109150901436806 0.15365618467330933 0.40844742953777313
1 0.922333836555481 0.5462368130683899 0.15512919425964355 0.8854210376739502
2 0.6727920770645142 0.6006801724433899 0.2576265335083008 0.38228750228881836
1 0.9222700595855713 0.4811365604400635 0.15539264678955078 0.7580850124359131
2 0.6167077422142029 0.5998746901750565 0.1537853479385376 0.378802627325058
