5 0.4992535412311554 0.5679882019758224 0.5150712132453918 0.38705721497535706
1 0.16602088510990143 0.6438814997673035 0.13830330967903137 0.17465734481811523
5 0.4440855011343956 0.8010554909706116 0.41463251411914825 0.11610639095306396
1 0.8354343771934509 0.6709988117218018 0.10722291469573975 0.13178563117980957
1 0.9115254282951355 0.6976287961006165 0.17698538303375244 0.30660557746887207
1 0.8834336400032043 0.556267261505127 0.23298287391662598 0.3598750829696655
5 0.4992535412311554 0.5679882019758224 0.5150712132453918 0.38705721497535706
1 0.16602088510990143 0.6438814997673035 0.13830330967903137 0.17465734481811523
5 0.4440855011343956 0.8010554909706116 0.41463251411914825 0.11610639095306396
1 0.8354343771934509 0.6709988117218018 0.10722291469573975 0.13178563117980957
1 0.9115254282951355 0.6976287961006165 0.17698538303375244 0.30660557746887207
1 0.8834336400032043 0.556267261505127 0.23298287391662598 0.3598750829696655
