2 0.9626980423927307 0.467602014541626 0.07455193996429443 0.2758932113647461
2 0.12293314561247826 0.38973622769117355 0.24581802636384964 0.35969556868076324
4 0.5001179873943329 0.7739956378936768 1.0000000596046448 0.3485839366912842
1 0.5276999473571777 0.47280730307102203 0.788390040397644 0.23549231886863708
1 0.5816268473863602 0.4707688093185425 0.6745670735836029 0.23516464233398438
2 0.9626980423927307 0.467602014541626 0.07455193996429443 0.2758932113647461
2 0.12293314561247826 0.38973622769117355 0.24581802636384964 0.35969556868076324
4 0.5001179873943329 0.7739956378936768 1.0000000596046448 0.3485839366912842
1 0.5276999473571777 0.47280730307102203 0.788390040397644 0.23549231886863708
1 0.5816268473863602 0.4707688093185425 0.6745670735836029 0.23516464233398438
