1 0.9024419784545898 0.22722157835960388 0.19538164138793945 0.33082252740859985
2 0.7470306158065796 0.3852926194667816 0.20573842525482178 0.24997514486312866
5 0.5314876288175583 0.6380174160003662 0.9361144602298737 0.24080431461334229
5 0.11819422245025635 0.7916655540466309 0.23659104108810425 0.22568392753601074
5 0.15167179331183434 0.5983618497848511 0.1447448804974556 0.05563211441040039
2 0.08012787997722626 0.4223448187112808 0.13475117087364197 0.20468398928642273
2 0.2050953134894371 0.41479451954364777 0.27203162014484406 0.20299896597862244
2 0.1692841351032257 0.4425787627696991 0.3117641806602478 0.250518262386322
2 0.20486970990896225 0.4427030682563782 0.3837086707353592 0.2523493766784668
2 0.1367439366877079 0.4430571645498276 0.24931400269269943 0.24905839562416077
5 0.11821910366415977 0.7662309408187866 0.2368025854229927 0.28016388416290283
1 0.9024419784545898 0.22722157835960388 0.19538164138793945 0.33082252740859985
2 0.7470306158065796 0.3852926194667816 0.20573842525482178 0.24997514486312866
5 0.5314876288175583 0.6380174160003662 0.9361144602298737 0.24080431461334229
5 0.11819422245025635 0.7916655540466309 0.23659104108810425 0.22568392753601074
5 0.15167179331183434 0.5983618497848511 0.1447448804974556 0.05563211441040039
2 0.08012787997722626 0.4223448187112808 0.13475117087364197 0.20468398928642273
2 0.2050953134894371 0.41479451954364777 0.27203162014484406 0.20299896597862244
2 0.1692841351032257 0.4425787627696991 0.3117641806602478 0.250518262386322
2 0.20486970990896225 0.4427030682563782 0.3837086707353592 0.2523493766784668
2 0.1367439366877079 0.4430571645498276 0.24931400269269943 0.24905839562416077
5 0.11821910366415977 0.7662309408187866 0.2368025854229927 0.28016388416290283
