1 0.4529746174812317 0.6112949848175049 0.26458728313446045 0.51904296875
4 0.47244590520858765 0.7607462406158447 0.186606764793396 0.22111046314239502
2 0.9245578646659851 0.5874502658843994 0.15069687366485596 0.3782418966293335
1 0.16359256207942963 0.47754065692424774 0.05636191368103027 0.2063230574131012
2 0.7924108505249023 0.5938020199537277 0.1079869270324707 0.23618963360786438
2 0.793167769908905 0.6227878928184509 0.11076855659484863 0.29631805419921875
2 0.04616454057395458 0.6025229096412659 0.09230250492691994 0.342487096786499
2 0.7256320118904114 0.5943342596292496 0.2431635856628418 0.2373954951763153
2 0.11246278136968613 0.629231333732605 0.15305329859256744 0.276120662689209
2 0.7220937609672546 0.6221182942390442 0.25319457054138184 0.29587769508361816
1 0.4529746174812317 0.6112949848175049 0.26458728313446045 0.51904296875
4 0.47244590520858765 0.7607462406158447 0.186606764793396 0.22111046314239502
2 0.9245578646659851 0.5874502658843994 0.15069687366485596 0.3782418966293335
1 0.16359256207942963 0.47754065692424774 0.05636191368103027 0.2063230574131012
2 0.7924108505249023 0.5938020199537277 0.1079869270324707 0.23618963360786438
2 0.793167769908905 0.6227878928184509 0.11076855659484863 0.29631805419921875
2 0.04616454057395458 0.6025229096412659 0.09230250492691994 0.342487096786499
2 0.7256320118904114 0.5943342596292496 0.2431635856628418 0.2373954951763153
2 0.11246278136968613 0.629231333732605 0.15305329859256744 0.276120662689209
2 0.7220937609672546 0.6221182942390442 0.25319457054138184 0.29587769508361816
