1 0.9263022840023041 0.36077674478292465 0.14748674631118774 0.3762497454881668
3 0.6456608176231384 0.659979522228241 0.26968610286712646 0.2753793001174927
1 0.06988773122429848 0.3215577006340027 0.13973861187696457 0.20979958772659302
1 0.27925220131874084 0.35612376779317856 0.14284372329711914 0.2621738463640213
3 0.6163397431373596 0.6253434419631958 0.32928740978240967 0.3454091548919678
1 0.28510526567697525 0.3280262351036072 0.12074004113674164 0.20379912853240967
1 0.2878795266151428 0.35730699449777603 0.19248807430267334 0.26847152411937714
1 0.9263022840023041 0.36077674478292465 0.14748674631118774 0.3762497454881668
3 0.6456608176231384 0.659979522228241 0.26968610286712646 0.2753793001174927
1 0.06988773122429848 0.3215577006340027 0.13973861187696457 0.20979958772659302
1 0.27925220131874084 0.35612376779317856 0.14284372329711914 0.2621738463640213
3 0.6163397431373596 0.6253434419631958 0.32928740978240967 0.3454091548919678
1 0.28510526567697525 0.3280262351036072 0.12074004113674164 0.20379912853240967
1 0.2878795266151428 0.35730699449777603 0.19248807430267334 0.26847152411937714
