5 0.908381998538971 0.6880226731300354 0.07033979892730713 0.1011427640914917
4 0.7539403438568115 0.6857459545135498 0.24890244007110596 0.09651565551757812
1 0.4722580313682556 0.7399901747703552 0.3868107795715332 0.5116069316864014
1 0.4712980091571808 0.6893374919891357 0.38407260179519653 0.41123199462890625
4 0.7543952465057373 0.7043451070785522 0.24246621131896973 0.059123873710632324
4 0.7378418445587158 0.6670669913291931 0.21503698825836182 0.05636250972747803
1 0.5814491659402847 0.7413427829742432 0.6068098247051239 0.5108106136322021
1 0.5377190709114075 0.741110548377037 0.5184355974197388 0.5116505920886993
4 0.7547152042388916 0.6661336421966553 0.24948954582214355 0.05920839309692383
5 0.908381998538971 0.6880226731300354 0.07033979892730713 0.1011427640914917
4 0.7539403438568115 0.6857459545135498 0.24890244007110596 0.09651565551757812
1 0.4722580313682556 0.7399901747703552 0.3868107795715332 0.5116069316864014
1 0.4712980091571808 0.6893374919891357 0.38407260179519653 0.41123199462890625
4 0.7543952465057373 0.7043451070785522 0.24246621131896973 0.059123873710632324
4 0.7378418445587158 0.6670669913291931 0.21503698825836182 0.05636250972747803
1 0.5814491659402847 0.7413427829742432 0.6068098247051239 0.5108106136322021
1 0.5377190709114075 0.741110548377037 0.5184355974197388 0.5116505920886993
4 0.7547152042388916 0.6661336421966553 0.24948954582214355 0.05920839309692383
