2 0.23781666904687881 0.2894335463643074 0.2860260456800461 0.24686621129512787
4 0.5000448524951935 0.6496740579605103 0.9999999403953552 0.21000206470489502
4 0.8971258997917175 0.7881829142570496 0.20576345920562744 0.1096043586730957
4 0.20712454617023468 0.7871304154396057 0.4146142303943634 0.11967682838439941
1 0.6454190611839294 0.3556046783924103 0.21899640560150146 0.13284015655517578
4 0.8970101773738861 0.7631421685218811 0.206010639667511 0.16795384883880615
2 0.23781666904687881 0.2894335463643074 0.2860260456800461 0.24686621129512787
4 0.5000448524951935 0.6496740579605103 0.9999999403953552 0.21000206470489502
4 0.8971258997917175 0.7881829142570496 0.20576345920562744 0.1096043586730957
4 0.20712454617023468 0.7871304154396057 0.4146142303943634 0.11967682838439941
1 0.6454190611839294 0.3556046783924103 0.21899640560150146 0.13284015655517578
4 0.8970101773738861 0.7631421685218811 0.206010639667511 0.16795384883880615
