2 0.26540642976760864 0.6039507389068604 0.53107750415802 0.790873646736145
1 0.8623580932617188 0.6752400994300842 0.18811368942260742 0.342624306678772
1 0.6672248244285583 0.6222694516181946 0.20108425617218018 0.2789344787597656
2 0.9448830187320709 0.4941039979457855 0.11031907796859741 0.6684368252754211
1 0.5573813915252686 0.5864610075950623 0.08925783634185791 0.2245386838912964
2 0.26540642976760864 0.6039507389068604 0.53107750415802 0.790873646736145
1 0.8623580932617188 0.6752400994300842 0.18811368942260742 0.342624306678772
1 0.6672248244285583 0.6222694516181946 0.20108425617218018 0.2789344787597656
2 0.9448830187320709 0.4941039979457855 0.11031907796859741 0.6684368252754211
1 0.5573813915252686 0.5864610075950623 0.08925783634185791 0.2245386838912964
