5 0.3065134361386299 0.7747654318809509 0.4074239581823349 0.12258541584014893
4 0.6409980803728104 0.648070752620697 0.4840773046016693 0.4613077640533447
5 0.31078461557626724 0.8570467233657837 0.4179510325193405 0.08375823497772217
4 0.6641991138458252 0.7221024632453918 0.332405686378479 0.31295955181121826
5 0.24513055756688118 0.1867331713438034 0.24171002954244614 0.07012447714805603
5 0.310908243060112 0.8061009645462036 0.4208764135837555 0.18522250652313232
5 0.3065134361386299 0.7747654318809509 0.4074239581823349 0.12258541584014893
4 0.6409980803728104 0.648070752620697 0.4840773046016693 0.4613077640533447
5 0.31078461557626724 0.8570467233657837 0.4179510325193405 0.08375823497772217
4 0.6641991138458252 0.7221024632453918 0.332405686378479 0.31295955181121826
5 0.24513055756688118 0.1867331713438034 0.24171002954244614 0.07012447714805603
5 0.310908243060112 0.8061009645462036 0.4208764135837555 0.18522250652313232
