4 0.6908567547798157 0.564538300037384 0.6178275346755981 0.2211059331893921
4 0.8041039109230042 0.23450648039579391 0.3915973901748657 0.17731143534183502
4 0.7109861820936203 0.43762847781181335 0.5769957602024078 0.09269368648529053
2 0.39276406168937683 0.217562697827816 0.09973722696304321 0.13236160576343536
4 0.7951616048812866 0.35297560691833496 0.4098641872406006 0.11296606063842773
4 0.8653217554092407 0.10395478457212448 0.2692830562591553 0.15336929261684418
1 0.1515386998653412 0.42525404691696167 0.3027176856994629 0.713304877281189
1 0.6142918914556503 0.2552754878997803 0.654753714799881 0.5094383955001831
2 0.3541806936264038 0.1657990850508213 0.17960584163665771 0.23899560421705246
4 0.6234267354011536 0.41268375515937805 0.40172815322875977 0.04081672430038452
1 0.1515142172574997 0.39729321002960205 0.3027864396572113 0.7903481721878052
4 0.6908567547798157 0.564538300037384 0.6178275346755981 0.2211059331893921
4 0.8041039109230042 0.23450648039579391 0.3915973901748657 0.17731143534183502
4 0.7109861820936203 0.43762847781181335 0.5769957602024078 0.09269368648529053
2 0.39276406168937683 0.217562697827816 0.09973722696304321 0.13236160576343536
4 0.7951616048812866 0.35297560691833496 0.4098641872406006 0.11296606063842773
4 0.8653217554092407 0.10395478457212448 0.2692830562591553 0.15336929261684418
1 0.1515386998653412 0.42525404691696167 0.3027176856994629 0.713304877281189
1 0.6142918914556503 0.2552754878997803 0.654753714799881 0.5094383955001831
2 0.3541806936264038 0.1657990850508213 0.17960584163665771 0.23899560421705246
4 0.6234267354011536 0.41268375515937805 0.40172815322875977 0.04081672430038452
1 0.1515142172574997 0.39729321002960205 0.3027864396572113 0.7903481721878052
