3 0.3066350817680359 0.6456504464149475 0.26278990507125854 0.4645857810974121
1 0.7577881813049316 0.6029165983200073 0.484572172164917 0.45528221130371094
1 0.14471416920423508 0.5157111287117004 0.2891000658273697 0.3341054916381836
3 0.6094605922698975 0.3577318787574768 0.07549393177032471 0.11833584308624268
3 0.5920763611793518 0.35866397619247437 0.04108226299285889 0.11746883392333984
1 0.22557809203863144 0.5170353651046753 0.4509851485490799 0.3353935480117798
1 0.7577234208583832 0.6871106028556824 0.4845893979072571 0.6226834058761597
1 0.2258555367588997 0.5699514150619507 0.45134519040584564 0.4437969923019409
3 0.3066350817680359 0.6456504464149475 0.26278990507125854 0.4645857810974121
1 0.7577881813049316 0.6029165983200073 0.484572172164917 0.45528221130371094
1 0.14471416920423508 0.5157111287117004 0.2891000658273697 0.3341054916381836
3 0.6094605922698975 0.3577318787574768 0.07549393177032471 0.11833584308624268
3 0.5920763611793518 0.35866397619247437 0.04108226299285889 0.11746883392333984
1 0.22557809203863144 0.5170353651046753 0.4509851485490799 0.3353935480117798
1 0.7577234208583832 0.6871106028556824 0.4845893979072571 0.6226834058761597
1 0.2258555367588997 0.5699514150619507 0.45134519040584564 0.4437969923019409
