5 0.6120570302009583 0.656622588634491 0.22138988971710205 0.25402581691741943
4 0.09846172481775284 0.4383164197206497 0.17252863943576813 0.6718162000179291
4 0.23002617806196213 0.45498132705688477 0.10267366468906403 0.5918987989425659
4 0.500167578458786 0.4404478669166565 0.9999905228614807 0.6786106824874878
4 0.40932953357696533 0.4535031318664551 0.09512531757354736 0.5534759759902954
4 0.3301848769187927 0.4681575447320938 0.10107344388961792 0.54690882563591
4 0.5304453819990158 0.4308144152164459 0.15663614869117737 0.5933563113212585
4 0.743159830570221 0.454247385263443 0.06879663467407227 0.504863440990448
4 0.660682737827301 0.382387712597847 0.09982001781463623 0.307182639837265
4 0.8582715392112732 0.4812381863594055 0.06553542613983154 0.407667875289917
4 0.9606728553771973 0.49286651611328125 0.07031619548797607 0.3767406940460205
4 0.7951496839523315 0.48778825998306274 0.059894561767578125 0.420779824256897
5 0.6120570302009583 0.656622588634491 0.22138988971710205 0.25402581691741943
4 0.09846172481775284 0.4383164197206497 0.17252863943576813 0.6718162000179291
4 0.23002617806196213 0.45498132705688477 0.10267366468906403 0.5918987989425659
4 0.500167578458786 0.4404478669166565 0.9999905228614807 0.6786106824874878
4 0.40932953357696533 0.4535031318664551 0.09512531757354736 0.5534759759902954
4 0.3301848769187927 0.4681575447320938 0.10107344388961792 0.54690882563591
4 0.5304453819990158 0.4308144152164459 0.15663614869117737 0.5933563113212585
4 0.743159830570221 0.454247385263443 0.06879663467407227 0.504863440990448
4 0.660682737827301 0.382387712597847 0.09982001781463623 0.307182639837265
4 0.8582715392112732 0.4812381863594055 0.06553542613983154 0.407667875289917
4 0.9606728553771973 0.49286651611328125 0.07031619548797607 0.3767406940460205
4 0.7951496839523315 0.48778825998306274 0.059894561767578125 0.420779824256897
