2 0.5404250770807266 0.5356571674346924 0.5804440677165985 0.7195119857788086
1 0.3106837496161461 0.4827156364917755 0.43267615139484406 0.9632195830345154
1 0.2645333707332611 0.4977821260690689 0.5257417559623718 0.997003048658371
1 0.21045376732945442 0.47947536408901215 0.23125692456960678 0.9568503201007843
2 0.28446152806282043 0.5262910723686218 0.26178187131881714 0.29448390007019043
2 0.5404250770807266 0.5356571674346924 0.5804440677165985 0.7195119857788086
1 0.3106837496161461 0.4827156364917755 0.43267615139484406 0.9632195830345154
1 0.2645333707332611 0.4977821260690689 0.5257417559623718 0.997003048658371
1 0.21045376732945442 0.47947536408901215 0.23125692456960678 0.9568503201007843
2 0.28446152806282043 0.5262910723686218 0.26178187131881714 0.29448390007019043
