4 0.48462890088558197 0.5641892701387405 0.20894363522529602 0.3174155652523041
4 0.27733293175697327 0.326562836766243 0.27369242906570435 0.6520231664180756
4 0.8136259317398071 0.432674303650856 0.3714451789855957 0.864338606595993
4 0.7963946461677551 0.3273218423128128 0.2648881673812866 0.6545504033565521
4 0.21241243183612823 0.34416061639785767 0.42344310879707336 0.6888511180877686
4 0.8145095705986023 0.38717271387577057 0.3697613477706909 0.7743038833141327
4 0.48462890088558197 0.5641892701387405 0.20894363522529602 0.3174155652523041
4 0.27733293175697327 0.326562836766243 0.27369242906570435 0.6520231664180756
4 0.8136259317398071 0.432674303650856 0.3714451789855957 0.864338606595993
4 0.7963946461677551 0.3273218423128128 0.2648881673812866 0.6545504033565521
4 0.21241243183612823 0.34416061639785767 0.42344310879707336 0.6888511180877686
4 0.8145095705986023 0.38717271387577057 0.3697613477706909 0.7743038833141327
