4 0.6002451628446579 0.4734584093093872 0.7982591688632965 0.6902811527252197
4 0.5948216319084167 0.5248796790838242 0.09888410568237305 0.5568766891956329
4 0.7995923161506653 0.4931785315275192 0.10081636905670166 0.6060425341129303
4 0.3192809522151947 0.46834081411361694 0.10348552465438843 0.66668701171875
4 0.6912331581115723 0.48631933331489563 0.11378979682922363 0.6285819411277771
4 0.4954954981803894 0.506419226527214 0.2639096975326538 0.6003877222537994
4 0.9007131457328796 0.48982277512550354 0.10206723213195801 0.6159457564353943
4 0.23709717392921448 0.47296248376369476 0.06707191467285156 0.6574106514453888
4 0.9714102149009705 0.446978360414505 0.057335734367370605 0.7047632336616516
4 0.6002451628446579 0.4734584093093872 0.7982591688632965 0.6902811527252197
4 0.5948216319084167 0.5248796790838242 0.09888410568237305 0.5568766891956329
4 0.7995923161506653 0.4931785315275192 0.10081636905670166 0.6060425341129303
4 0.3192809522151947 0.46834081411361694 0.10348552465438843 0.66668701171875
4 0.6912331581115723 0.48631933331489563 0.11378979682922363 0.6285819411277771
4 0.4954954981803894 0.506419226527214 0.2639096975326538 0.6003877222537994
4 0.9007131457328796 0.48982277512550354 0.10206723213195801 0.6159457564353943
4 0.23709717392921448 0.47296248376369476 0.06707191467285156 0.6574106514453888
4 0.9714102149009705 0.446978360414505 0.057335734367370605 0.7047632336616516
