3 0.5174756646156311 0.5915569514036179 0.24846267700195312 0.3635169565677643
2 0.9064667224884033 0.43907010555267334 0.18683791160583496 0.46686291694641113
1 0.3249598443508148 0.6169949769973755 0.16395646333694458 0.26939642429351807
2 0.5251729041337967 0.4351337105035782 0.46143779158592224 0.6794411838054657
2 0.9073187112808228 0.38412757962942123 0.1846315860748291 0.35480840504169464
1 0.35090580582618713 0.6161831021308899 0.1117439866065979 0.2675126791000366
3 0.5174756646156311 0.5915569514036179 0.24846267700195312 0.3635169565677643
2 0.9064667224884033 0.43907010555267334 0.18683791160583496 0.46686291694641113
1 0.3249598443508148 0.6169949769973755 0.16395646333694458 0.26939642429351807
2 0.5251729041337967 0.4351337105035782 0.46143779158592224 0.6794411838054657
2 0.9073187112808228 0.38412757962942123 0.1846315860748291 0.35480840504169464
1 0.35090580582618713 0.6161831021308899 0.1117439866065979 0.2675126791000366
