2 0.28143590688705444 0.49474212527275085 0.3502582311630249 0.31281059980392456
2 0.06390109285712242 0.18679404258728027 0.12753713876008987 0.2012816071510315
2 0.6900818943977356 0.5990393608808517 0.48771023750305176 0.6698514521121979
2 0.9384346306324005 0.5364751368761063 0.12342756986618042 0.23299726843833923
2 0.0887015275657177 0.6328731179237366 0.17781106382608414 0.41537678241729736
2 0.9865908920764923 0.5181178450584412 0.0268670916557312 0.2198319435119629
2 0.1262231469154358 0.6315886974334717 0.2525232434272766 0.41717565059661865
2 0.28143590688705444 0.49474212527275085 0.3502582311630249 0.31281059980392456
2 0.06390109285712242 0.18679404258728027 0.12753713876008987 0.2012816071510315
2 0.6900818943977356 0.5990393608808517 0.48771023750305176 0.6698514521121979
2 0.9384346306324005 0.5364751368761063 0.12342756986618042 0.23299726843833923
2 0.0887015275657177 0.6328731179237366 0.17781106382608414 0.41537678241729736
2 0.9865908920764923 0.5181178450584412 0.0268670916557312 0.2198319435119629
2 0.1262231469154358 0.6315886974334717 0.2525232434272766 0.41717565059661865
