2 0.5240121483802795 0.5668898075819016 0.6451809406280518 0.7290853559970856
2 0.06645318120718002 0.6606528759002686 0.1326458901166916 0.3382437229156494
5 0.704629123210907 0.7894155383110046 0.11428403854370117 0.19356417655944824
5 0.5294903516769409 0.7641065716743469 0.3057814836502075 0.33459460735321045
2 0.06621823087334633 0.6197659820318222 0.13243602961301804 0.2548673450946808
2 0.5240121483802795 0.5668898075819016 0.6451809406280518 0.7290853559970856
2 0.06645318120718002 0.6606528759002686 0.1326458901166916 0.3382437229156494
5 0.704629123210907 0.7894155383110046 0.11428403854370117 0.19356417655944824
5 0.5294903516769409 0.7641065716743469 0.3057814836502075 0.33459460735321045
2 0.06621823087334633 0.6197659820318222 0.13243602961301804 0.2548673450946808
