1 0.4571518450975418 0.3196631968021393 0.4105122983455658 0.37832385301589966
4 0.5124595165252686 0.7192188501358032 0.969974160194397 0.36899733543395996
1 0.8315577507019043 0.3118516132235527 0.2680497169494629 0.3798649460077286
2 0.9681596755981445 0.15366274490952492 0.06367945671081543 0.16124295443296432
2 0.15376202017068863 0.32320988178253174 0.3070313185453415 0.6463680267333984
2 0.5337553024291992 0.18315770477056503 0.10911250114440918 0.1881459504365921
2 0.08231686800718307 0.3230133056640625 0.16446207463741302 0.6444587707519531
2 0.826400637626648 0.08596263267099857 0.10453498363494873 0.08953262493014336
1 0.4571518450975418 0.3196631968021393 0.4105122983455658 0.37832385301589966
4 0.5124595165252686 0.7192188501358032 0.969974160194397 0.36899733543395996
1 0.8315577507019043 0.3118516132235527 0.2680497169494629 0.3798649460077286
2 0.9681596755981445 0.15366274490952492 0.06367945671081543 0.16124295443296432
2 0.15376202017068863 0.32320988178253174 0.3070313185453415 0.6463680267333984
2 0.5337553024291992 0.18315770477056503 0.10911250114440918 0.1881459504365921
2 0.08231686800718307 0.3230133056640625 0.16446207463741302 0.6444587707519531
2 0.826400637626648 0.08596263267099857 0.10453498363494873 0.08953262493014336
