1 0.5091875344514847 0.5807417184114456 0.46583136916160583 0.727346271276474
4 0.7198914289474487 0.3877861201763153 0.19770467281341553 0.07923334836959839
4 0.2034207619726658 0.04460461996495724 0.19861607998609543 0.08630140498280525
4 0.2039969265460968 0.15541759133338928 0.17247933149337769 0.08688074350357056
4 0.20923256501555443 0.38093674182891846 0.18774402886629105 0.09354311227798462
4 0.46318867802619934 0.15737006068229675 0.22800129652023315 0.08793455362319946
4 0.2111176997423172 0.2627321481704712 0.18339720368385315 0.09515565633773804
4 0.7176791429519653 0.1374480240046978 0.21218061447143555 0.10863295942544937
4 0.6557462811470032 0.039441339671611786 0.10929536819458008 0.06079705059528351
4 0.7106179594993591 0.2582192122936249 0.22796142101287842 0.10217010974884033
4 0.45819348096847534 0.04422217980027199 0.24362516403198242 0.08761129528284073
4 0.7096107006072998 0.035775041207671165 0.21751320362091064 0.07113810256123543
4 0.45799264311790466 0.2642163708806038 0.24658936262130737 0.08805494010448456
1 0.5091875344514847 0.5807417184114456 0.46583136916160583 0.727346271276474
4 0.7198914289474487 0.3877861201763153 0.19770467281341553 0.07923334836959839
4 0.2034207619726658 0.04460461996495724 0.19861607998609543 0.08630140498280525
4 0.2039969265460968 0.15541759133338928 0.17247933149337769 0.08688074350357056
4 0.20923256501555443 0.38093674182891846 0.18774402886629105 0.09354311227798462
4 0.46318867802619934 0.15737006068229675 0.22800129652023315 0.08793455362319946
4 0.2111176997423172 0.2627321481704712 0.18339720368385315 0.09515565633773804
4 0.7176791429519653 0.1374480240046978 0.21218061447143555 0.10863295942544937
4 0.6557462811470032 0.039441339671611786 0.10929536819458008 0.06079705059528351
4 0.7106179594993591 0.2582192122936249 0.22796142101287842 0.10217010974884033
4 0.45819348096847534 0.04422217980027199 0.24362516403198242 0.08761129528284073
4 0.7096107006072998 0.035775041207671165 0.21751320362091064 0.07113810256123543
4 0.45799264311790466 0.2642163708806038 0.24658936262130737 0.08805494010448456
