2 0.15137263387441635 0.17982644587755203 0.30133791267871857 0.34180043637752533
3 0.13362766802310944 0.2658802568912506 0.08933010697364807 0.16895174980163574
1 0.7726166248321533 0.5664263367652893 0.45494675636291504 0.6932657957077026
1 0.16560815274715424 0.6746663004159927 0.33135876059532166 0.6477920711040497
1 0.1655666083097458 0.5553332418203354 0.3316129148006439 0.8854208290576935
1 0.7722988128662109 0.5070566684007645 0.4552680253982544 0.8211182057857513
1 0.16578202694654465 0.6147234439849854 0.33183981478214264 0.7661088705062866
3 0.14328521490097046 0.2647671103477478 0.15587171912193298 0.17480260133743286
2 0.15137263387441635 0.17982644587755203 0.30133791267871857 0.34180043637752533
3 0.13362766802310944 0.2658802568912506 0.08933010697364807 0.16895174980163574
1 0.7726166248321533 0.5664263367652893 0.45494675636291504 0.6932657957077026
1 0.16560815274715424 0.6746663004159927 0.33135876059532166 0.6477920711040497
1 0.1655666083097458 0.5553332418203354 0.3316129148006439 0.8854208290576935
1 0.7722988128662109 0.5070566684007645 0.4552680253982544 0.8211182057857513
1 0.16578202694654465 0.6147234439849854 0.33183981478214264 0.7661088705062866
3 0.14328521490097046 0.2647671103477478 0.15587171912193298 0.17480260133743286
