5 0.5108382254838943 0.605721652507782 0.659118264913559 0.4025242328643799
2 0.8724380731582642 0.2616638317704201 0.1953599452972412 0.23702864348888397
2 0.7056226134300232 0.18090777471661568 0.1561661958694458 0.11255034059286118
2 0.13436555862426758 0.40662743151187897 0.2680875062942505 0.3809489905834198
2 0.4694434106349945 0.22121179103851318 0.13099294900894165 0.1897585391998291
2 0.13391149044036865 0.3683432340621948 0.26710939407348633 0.29264163970947266
2 0.15823328495025635 0.305983304977417 0.17734521627426147 0.14924097061157227
5 0.5108382254838943 0.605721652507782 0.659118264913559 0.4025242328643799
2 0.8724380731582642 0.2616638317704201 0.1953599452972412 0.23702864348888397
2 0.7056226134300232 0.18090777471661568 0.1561661958694458 0.11255034059286118
2 0.13436555862426758 0.40662743151187897 0.2680875062942505 0.3809489905834198
2 0.4694434106349945 0.22121179103851318 0.13099294900894165 0.1897585391998291
2 0.13391149044036865 0.3683432340621948 0.26710939407348633 0.29264163970947266
2 0.15823328495025635 0.305983304977417 0.17734521627426147 0.14924097061157227
