2 0.36779506504535675 0.5319232195615768 0.5397849977016449 0.7809197008609772
2 0.09929768741130829 0.6729743629693985 0.19822704792022705 0.6518404185771942
2 0.7939928770065308 0.505543664097786 0.1862407922744751 0.2570579946041107
2 0.10663527250289917 0.26738762855529785 0.14727574586868286 0.2817687392234802
2 0.9560263156890869 0.4909093677997589 0.08717775344848633 0.28539079427719116
2 0.1064869724214077 0.29494988918304443 0.1450025513768196 0.22376877069473267
2 0.6109163612127304 0.38770683109760284 0.49953725934028625 0.6124328076839447
2 0.6417778730392456 0.5498276948928833 0.16952943801879883 0.2826894521713257
2 0.6417864561080933 0.4228243827819824 0.19360971450805664 0.536685585975647
2 0.09786375984549522 0.5355455428361893 0.19583124667406082 0.9259034097194672
2 0.7745511531829834 0.49856218695640564 0.23056495189666748 0.27295559644699097
2 0.36779506504535675 0.5319232195615768 0.5397849977016449 0.7809197008609772
2 0.09929768741130829 0.6729743629693985 0.19822704792022705 0.6518404185771942
2 0.7939928770065308 0.505543664097786 0.1862407922744751 0.2570579946041107
2 0.10663527250289917 0.26738762855529785 0.14727574586868286 0.2817687392234802
2 0.9560263156890869 0.4909093677997589 0.08717775344848633 0.28539079427719116
2 0.1064869724214077 0.29494988918304443 0.1450025513768196 0.22376877069473267
2 0.6109163612127304 0.38770683109760284 0.49953725934028625 0.6124328076839447
2 0.6417778730392456 0.5498276948928833 0.16952943801879883 0.2826894521713257
2 0.6417864561080933 0.4228243827819824 0.19360971450805664 0.536685585975647
2 0.09786375984549522 0.5355455428361893 0.19583124667406082 0.9259034097194672
2 0.7745511531829834 0.49856218695640564 0.23056495189666748 0.27295559644699097
