2 0.46923457086086273 0.544097289443016 0.7031646072864532 0.7127547562122345
4 0.434010848402977 0.8986750841140747 0.5622208416461945 0.14124953746795654
4 0.8654025197029114 0.6697052866220474 0.12582659721374512 0.5197612941265106
4 0.8050585389137268 0.6664659231901169 0.16190552711486816 0.5036369860172272
4 0.22684185206890106 0.9389857649803162 0.1918412744998932 0.05915677547454834
4 0.946876585483551 0.6426998972892761 0.10609519481658936 0.5773766040802002
4 0.4960978031158447 0.9520174264907837 0.36037540435791016 0.04321718215942383
4 0.9211176037788391 0.6330048441886902 0.15500009059906006 0.5940002202987671
4 0.465492382645607 0.8900821805000305 0.49907228350639343 0.12019526958465576
2 0.46923457086086273 0.544097289443016 0.7031646072864532 0.7127547562122345
4 0.434010848402977 0.8986750841140747 0.5622208416461945 0.14124953746795654
4 0.8654025197029114 0.6697052866220474 0.12582659721374512 0.5197612941265106
4 0.8050585389137268 0.6664659231901169 0.16190552711486816 0.5036369860172272
4 0.22684185206890106 0.9389857649803162 0.1918412744998932 0.05915677547454834
4 0.946876585483551 0.6426998972892761 0.10609519481658936 0.5773766040802002
4 0.4960978031158447 0.9520174264907837 0.36037540435791016 0.04321718215942383
4 0.9211176037788391 0.6330048441886902 0.15500009059906006 0.5940002202987671
4 0.465492382645607 0.8900821805000305 0.49907228350639343 0.12019526958465576
