2 0.48710721731185913 0.6160797476768494 0.4336421489715576 0.59474778175354
2 0.8234033584594727 0.42941880226135254 0.07400321960449219 0.14505362510681152
2 0.1002372931689024 0.23692654073238373 0.08028516545891762 0.08698567748069763
2 0.9577638506889343 0.47160860896110535 0.084372878074646 0.3156704306602478
2 0.021073870360851288 0.23842771351337433 0.041968703269958496 0.09322306513786316
2 0.07547293417155743 0.011870697606354952 0.12056413665413857 0.023953690193593502
2 0.9577646851539612 0.4242164045572281 0.08420014381408691 0.21811100840568542
2 0.8305563926696777 0.45437702536582947 0.0904245376586914 0.19591492414474487
2 0.48710721731185913 0.6160797476768494 0.4336421489715576 0.59474778175354
2 0.8234033584594727 0.42941880226135254 0.07400321960449219 0.14505362510681152
2 0.1002372931689024 0.23692654073238373 0.08028516545891762 0.08698567748069763
2 0.9577638506889343 0.47160860896110535 0.084372878074646 0.3156704306602478
2 0.021073870360851288 0.23842771351337433 0.041968703269958496 0.09322306513786316
2 0.07547293417155743 0.011870697606354952 0.12056413665413857 0.023953690193593502
2 0.9577646851539612 0.4242164045572281 0.08420014381408691 0.21811100840568542
2 0.8305563926696777 0.45437702536582947 0.0904245376586914 0.19591492414474487
