1 0.08868229389190674 0.4760384261608124 0.17717307806015015 0.35734087228775024
1 0.6603168249130249 0.4443342685699463 0.099387526512146 0.08282822370529175
1 0.393025666475296 0.4313426911830902 0.10973244905471802 0.09578996896743774
2 0.3244126960635185 0.6139204651117325 0.363999143242836 0.3394140899181366
1 0.526653066277504 0.42548319697380066 0.07373949885368347 0.10427141189575195
2 0.8167953491210938 0.644358217716217 0.36630094051361084 0.3980509042739868
1 0.47495758533477783 0.46342265605926514 0.03582257032394409 0.03350424766540527
1 0.08868229389190674 0.4760384261608124 0.17717307806015015 0.35734087228775024
1 0.6603168249130249 0.4443342685699463 0.099387526512146 0.08282822370529175
1 0.393025666475296 0.4313426911830902 0.10973244905471802 0.09578996896743774
2 0.3244126960635185 0.6139204651117325 0.363999143242836 0.3394140899181366
1 0.526653066277504 0.42548319697380066 0.07373949885368347 0.10427141189575195
2 0.8167953491210938 0.644358217716217 0.36630094051361084 0.3980509042739868
1 0.47495758533477783 0.46342265605926514 0.03582257032394409 0.03350424766540527
