4 0.49079088866710663 0.6500165462493896 0.16634026169776917 0.35842037200927734
1 0.09917386621236801 0.561877965927124 0.1300218254327774 0.1695716381072998
1 0.877702534198761 0.4618930518627167 0.2441195249557495 0.5279423594474792
4 0.30386948585510254 0.5890531539916992 0.08684837818145752 0.10434877872467041
1 0.29401811957359314 0.5161833763122559 0.13900744915008545 0.2489457130432129
4 0.949533998966217 0.639120876789093 0.09795522689819336 0.17370450496673584
4 0.9798799157142639 0.697155773639679 0.03806197643280029 0.204664945602417
4 0.09805408120155334 0.6066773533821106 0.0633191168308258 0.08028841018676758
1 0.8766724467277527 0.49790099263191223 0.2457057237625122 0.6046968102455139
4 0.49079088866710663 0.6500165462493896 0.16634026169776917 0.35842037200927734
1 0.09917386621236801 0.561877965927124 0.1300218254327774 0.1695716381072998
1 0.877702534198761 0.4618930518627167 0.2441195249557495 0.5279423594474792
4 0.30386948585510254 0.5890531539916992 0.08684837818145752 0.10434877872467041
1 0.29401811957359314 0.5161833763122559 0.13900744915008545 0.2489457130432129
4 0.949533998966217 0.639120876789093 0.09795522689819336 0.17370450496673584
4 0.9798799157142639 0.697155773639679 0.03806197643280029 0.204664945602417
4 0.09805408120155334 0.6066773533821106 0.0633191168308258 0.08028841018676758
1 0.8766724467277527 0.49790099263191223 0.2457057237625122 0.6046968102455139
