2 0.12358379364013672 0.4412538856267929 0.2467379868030548 0.790185958147049
2 0.49413326382637024 0.5471821427345276 0.11893326044082642 0.1706470251083374
1 0.8088896870613098 0.6146179288625717 0.3346778154373169 0.26882389187812805
1 0.8570288121700287 0.7005189657211304 0.28611117601394653 0.4445003271102905
1 0.8579773306846619 0.7525445222854614 0.2842980623245239 0.33954453468322754
1 0.8089442849159241 0.6494171023368835 0.3374009132385254 0.34025490283966064
1 0.8200523853302002 0.6988040655851364 0.3596245050430298 0.4480368196964264
2 0.12358379364013672 0.4412538856267929 0.2467379868030548 0.790185958147049
2 0.49413326382637024 0.5471821427345276 0.11893326044082642 0.1706470251083374
1 0.8088896870613098 0.6146179288625717 0.3346778154373169 0.26882389187812805
1 0.8570288121700287 0.7005189657211304 0.28611117601394653 0.4445003271102905
1 0.8579773306846619 0.7525445222854614 0.2842980623245239 0.33954453468322754
1 0.8089442849159241 0.6494171023368835 0.3374009132385254 0.34025490283966064
1 0.8200523853302002 0.6988040655851364 0.3596245050430298 0.4480368196964264
