2 0.19347859919071198 0.5083115100860596 0.09510412812232971 0.0961235761642456
1 0.4789191484451294 0.5567404180765152 0.5443106889724731 0.8836581408977509
1 0.11566703021526337 0.6211963891983032 0.23126289248466492 0.39914679527282715
1 0.9247796535491943 0.5966354012489319 0.1503697633743286 0.3492310047149658
1 0.7949495911598206 0.5707789659500122 0.28971612453460693 0.2587028741836548
1 0.7871787548065186 0.5531643629074097 0.30539679527282715 0.2994801998138428
2 0.19347859919071198 0.5083115100860596 0.09510412812232971 0.0961235761642456
1 0.4789191484451294 0.5567404180765152 0.5443106889724731 0.8836581408977509
1 0.11566703021526337 0.6211963891983032 0.23126289248466492 0.39914679527282715
1 0.9247796535491943 0.5966354012489319 0.1503697633743286 0.3492310047149658
1 0.7949495911598206 0.5707789659500122 0.28971612453460693 0.2587028741836548
1 0.7871787548065186 0.5531643629074097 0.30539679527282715 0.2994801998138428
