1 0.5032446533441544 0.6010604500770569 0.38101670145988464 0.6964080333709717
2 0.7882139682769775 0.3546361029148102 0.33798646926879883 0.7083335518836975
2 0.6025078296661377 0.35782700777053833 0.33149588108062744 0.7158597707748413
2 0.14881867170333862 0.17463970184326172 0.2958608865737915 0.3501918315887451
2 0.9378873407840729 0.36510127782821655 0.12447041273117065 0.729568362236023
2 0.23991964012384415 0.6238511204719543 0.2803761214017868 0.47612082958221436
2 0.38925105333328247 0.3468775451183319 0.24632155895233154 0.6940010190010071
2 0.10699628293514252 0.6296793967485428 0.21377256512641907 0.7367018163204193
2 0.24242329597473145 0.6676637530326843 0.27398228645324707 0.3882368803024292
2 0.10634349659085274 0.5002600997686386 0.21278496831655502 0.9981644451618195
2 0.38903479278087616 0.2891492247581482 0.23101845383644104 0.5801178216934204
2 0.8418848514556885 0.3537443280220032 0.2199035882949829 0.7069942951202393
2 0.106112539768219 0.5685983449220657 0.21201297640800476 0.6141274869441986
1 0.5032446533441544 0.6010604500770569 0.38101670145988464 0.6964080333709717
2 0.7882139682769775 0.3546361029148102 0.33798646926879883 0.7083335518836975
2 0.6025078296661377 0.35782700777053833 0.33149588108062744 0.7158597707748413
2 0.14881867170333862 0.17463970184326172 0.2958608865737915 0.3501918315887451
2 0.9378873407840729 0.36510127782821655 0.12447041273117065 0.729568362236023
2 0.23991964012384415 0.6238511204719543 0.2803761214017868 0.47612082958221436
2 0.38925105333328247 0.3468775451183319 0.24632155895233154 0.6940010190010071
2 0.10699628293514252 0.6296793967485428 0.21377256512641907 0.7367018163204193
2 0.24242329597473145 0.6676637530326843 0.27398228645324707 0.3882368803024292
2 0.10634349659085274 0.5002600997686386 0.21278496831655502 0.9981644451618195
2 0.38903479278087616 0.2891492247581482 0.23101845383644104 0.5801178216934204
2 0.8418848514556885 0.3537443280220032 0.2199035882949829 0.7069942951202393
2 0.106112539768219 0.5685983449220657 0.21201297640800476 0.6141274869441986
