4 0.4210953563451767 0.5656722187995911 0.18746402859687805 0.4861152172088623
4 0.6158199906349182 0.5756189078092575 0.07817256450653076 0.3899315893650055
4 0.541531503200531 0.567012682557106 0.08818209171295166 0.4532429873943329
4 0.10442092269659042 0.5407019108533859 0.2088712900876999 0.9146961271762848
4 0.17193657159805298 0.46891289949417114 0.343317449092865 0.9367594718933105
4 0.3472632169723511 0.6000342965126038 0.037120819091796875 0.414090633392334
4 0.30895254015922546 0.4605974555015564 0.07504159212112427 0.86204993724823
4 0.7417155504226685 0.13361698761582375 0.5156838893890381 0.2300460860133171
4 0.15080558508634567 0.46980200707912445 0.298671618103981 0.9389396011829376
4 0.4210953563451767 0.5656722187995911 0.18746402859687805 0.4861152172088623
4 0.6158199906349182 0.5756189078092575 0.07817256450653076 0.3899315893650055
4 0.541531503200531 0.567012682557106 0.08818209171295166 0.4532429873943329
4 0.10442092269659042 0.5407019108533859 0.2088712900876999 0.9146961271762848
4 0.17193657159805298 0.46891289949417114 0.343317449092865 0.9367594718933105
4 0.3472632169723511 0.6000342965126038 0.037120819091796875 0.414090633392334
4 0.30895254015922546 0.4605974555015564 0.07504159212112427 0.86204993724823
4 0.7417155504226685 0.13361698761582375 0.5156838893890381 0.2300460860133171
4 0.15080558508634567 0.46980200707912445 0.298671618103981 0.9389396011829376
