1 0.49376751482486725 0.7868700623512268 0.4058077037334442 0.4201406240463257
1 0.3488245755434036 0.7940203547477722 0.6969316899776459 0.4083826541900635
1 0.1432066261768341 0.7942090034484863 0.2865533232688904 0.405714750289917
1 0.5155467987060547 0.7240854501724243 0.3166518211364746 0.2945375442504883
1 0.4447045624256134 0.7875396609306335 0.5047001242637634 0.42075586318969727
1 0.49376751482486725 0.7868700623512268 0.4058077037334442 0.4201406240463257
1 0.3488245755434036 0.7940203547477722 0.6969316899776459 0.4083826541900635
1 0.1432066261768341 0.7942090034484863 0.2865533232688904 0.405714750289917
1 0.5155467987060547 0.7240854501724243 0.3166518211364746 0.2945375442504883
1 0.4447045624256134 0.7875396609306335 0.5047001242637634 0.42075586318969727
