5 0.43846577405929565 0.6328644156455994 0.707451581954956 0.3290059566497803
2 0.5695753842592239 0.36677680909633636 0.8601923882961273 0.5996558964252472
1 0.11770140752196312 0.43365873396396637 0.2352982833981514 0.7459883391857147
1 0.8773714303970337 0.46034081280231476 0.24522757530212402 0.5043266713619232
1 0.8773909211158752 0.6030835956335068 0.24501550197601318 0.7912392914295197
2 0.82942134141922 0.0515142846852541 0.3409745693206787 0.10320299491286278
5 0.43846577405929565 0.6328644156455994 0.707451581954956 0.3290059566497803
2 0.5695753842592239 0.36677680909633636 0.8601923882961273 0.5996558964252472
1 0.11770140752196312 0.43365873396396637 0.2352982833981514 0.7459883391857147
1 0.8773714303970337 0.46034081280231476 0.24522757530212402 0.5043266713619232
1 0.8773909211158752 0.6030835956335068 0.24501550197601318 0.7912392914295197
2 0.82942134141922 0.0515142846852541 0.3409745693206787 0.10320299491286278
