1 0.14644848555326462 0.7029199451208115 0.29264093935489655 0.4132714569568634
3 0.7646235227584839 0.528182864189148 0.07458102703094482 0.17827749252319336
1 0.7410763949155807 0.639008104801178 0.5184153616428375 0.38716650009155273
2 0.7625553607940674 0.43691596388816833 0.15406548976898193 0.3631376624107361
2 0.062175579369068146 0.27332496643066406 0.12443007528781891 0.4488254189491272
2 0.06251563131809235 0.46911533176898956 0.12486422061920166 0.8506055772304535
2 0.06241007521748543 0.3473488837480545 0.12491803616285324 0.6005922257900238
2 0.7738686800003052 0.43703413009643555 0.11616230010986328 0.35884523391723633
1 0.14644848555326462 0.7029199451208115 0.29264093935489655 0.4132714569568634
3 0.7646235227584839 0.528182864189148 0.07458102703094482 0.17827749252319336
1 0.7410763949155807 0.639008104801178 0.5184153616428375 0.38716650009155273
2 0.7625553607940674 0.43691596388816833 0.15406548976898193 0.3631376624107361
2 0.062175579369068146 0.27332496643066406 0.12443007528781891 0.4488254189491272
2 0.06251563131809235 0.46911533176898956 0.12486422061920166 0.8506055772304535
2 0.06241007521748543 0.3473488837480545 0.12491803616285324 0.6005922257900238
2 0.7738686800003052 0.43703413009643555 0.11616230010986328 0.35884523391723633
