2 0.9220620393753052 0.5317594856023788 0.15625429153442383 0.38610008358955383
1 0.32896605134010315 0.6009380370378494 0.20757699012756348 0.39767059683799744
1 0.17198128625750542 0.6354088634252548 0.2266123667359352 0.5070967972278595
2 0.7069002389907837 0.5323172956705093 0.18042397499084473 0.21607407927513123
1 0.05188681371510029 0.6545273065567017 0.10358264669775963 0.654883623123169
1 0.5312812328338623 0.5747796893119812 0.13700056076049805 0.2566128969192505
1 0.1928199902176857 0.6332792490720749 0.18214289844036102 0.5024639666080475
1 0.147997185587883 0.6362015753984451 0.27164432406425476 0.5093480050563812
2 0.9220620393753052 0.5317594856023788 0.15625429153442383 0.38610008358955383
1 0.32896605134010315 0.6009380370378494 0.20757699012756348 0.39767059683799744
1 0.17198128625750542 0.6354088634252548 0.2266123667359352 0.5070967972278595
2 0.7069002389907837 0.5323172956705093 0.18042397499084473 0.21607407927513123
1 0.05188681371510029 0.6545273065567017 0.10358264669775963 0.654883623123169
1 0.5312812328338623 0.5747796893119812 0.13700056076049805 0.2566128969192505
1 0.1928199902176857 0.6332792490720749 0.18214289844036102 0.5024639666080475
1 0.147997185587883 0.6362015753984451 0.27164432406425476 0.5093480050563812
