2 0.4605103135108948 0.546399787068367 0.39605510234832764 0.6193905770778656
1 0.43023285269737244 0.21943728625774384 0.06783348321914673 0.12031528353691101
1 0.6511127352714539 0.19591039046645164 0.08836877346038818 0.16413945704698563
1 0.7029716968536377 0.21985536813735962 0.046459078788757324 0.10720831155776978
1 0.755921483039856 0.25542277097702026 0.04444587230682373 0.07671654224395752
1 0.8473536372184753 0.21486426889896393 0.04993629455566406 0.05491471290588379
1 0.836471438407898 0.21755371987819672 0.07194638252258301 0.060463666915893555
2 0.4605103135108948 0.546399787068367 0.39605510234832764 0.6193905770778656
1 0.43023285269737244 0.21943728625774384 0.06783348321914673 0.12031528353691101
1 0.6511127352714539 0.19591039046645164 0.08836877346038818 0.16413945704698563
1 0.7029716968536377 0.21985536813735962 0.046459078788757324 0.10720831155776978
1 0.755921483039856 0.25542277097702026 0.04444587230682373 0.07671654224395752
1 0.8473536372184753 0.21486426889896393 0.04993629455566406 0.05491471290588379
1 0.836471438407898 0.21755371987819672 0.07194638252258301 0.060463666915893555
