1 0.4029201790690422 0.494232714176178 0.4608272463083267 0.5612970590591431
1 0.5022380948066711 0.26236069947481155 0.2708030939102173 0.3594651073217392
3 0.13168585672974586 0.5852273553609848 0.14729546755552292 0.20467963814735413
1 0.884067714214325 0.24667572975158691 0.08435976505279541 0.43235206604003906
3 0.9550487995147705 0.6810668110847473 0.08988237380981445 0.25820934772491455
1 0.6024558544158936 0.6331701278686523 0.14322280883789062 0.2130720615386963
3 0.7394555807113647 0.6835274696350098 0.1368941068649292 0.12645769119262695
9 0.6117150783538818 0.572433352470398 0.10401153564453125 0.09188401699066162
1 0.8903433084487915 0.30341846495866776 0.07248687744140625 0.31699346005916595
1 0.4029201790690422 0.494232714176178 0.4608272463083267 0.5612970590591431
1 0.5022380948066711 0.26236069947481155 0.2708030939102173 0.3594651073217392
3 0.13168585672974586 0.5852273553609848 0.14729546755552292 0.20467963814735413
1 0.884067714214325 0.24667572975158691 0.08435976505279541 0.43235206604003906
3 0.9550487995147705 0.6810668110847473 0.08988237380981445 0.25820934772491455
1 0.6024558544158936 0.6331701278686523 0.14322280883789062 0.2130720615386963
3 0.7394555807113647 0.6835274696350098 0.1368941068649292 0.12645769119262695
9 0.6117150783538818 0.572433352470398 0.10401153564453125 0.09188401699066162
1 0.8903433084487915 0.30341846495866776 0.07248687744140625 0.31699346005916595
