1 0.18986068665981293 0.45719876885414124 0.31233862042427063 0.3193057179450989
1 0.7709020972251892 0.3536112383008003 0.27178823947906494 0.31432364881038666
5 0.842871367931366 0.5633899569511414 0.31357085704803467 0.06479299068450928
5 0.4932871162891388 0.5310501456260681 0.3616635203361511 0.12540912628173828
5 0.5804858207702637 0.6239491105079651 0.43448519706726074 0.10219860076904297
5 0.8530198931694031 0.6981213688850403 0.2939857244491577 0.17153429985046387
5 0.9482196569442749 0.4843178391456604 0.10354220867156982 0.09161114692687988
5 0.31687217950820923 0.8348577618598938 0.6337461471557617 0.3286401033401489
5 0.9494286179542542 0.46871158480644226 0.1011878252029419 0.06038165092468262
5 0.948488712310791 0.5065299272537231 0.10282695293426514 0.047066569328308105
5 0.6204387992620468 0.623881459236145 0.5159509479999542 0.10395562648773193
5 0.9187690019607544 0.6687283515930176 0.16260075569152832 0.11234724521636963
1 0.18986068665981293 0.45719876885414124 0.31233862042427063 0.3193057179450989
1 0.7709020972251892 0.3536112383008003 0.27178823947906494 0.31432364881038666
5 0.842871367931366 0.5633899569511414 0.31357085704803467 0.06479299068450928
5 0.4932871162891388 0.5310501456260681 0.3616635203361511 0.12540912628173828
5 0.5804858207702637 0.6239491105079651 0.43448519706726074 0.10219860076904297
5 0.8530198931694031 0.6981213688850403 0.2939857244491577 0.17153429985046387
5 0.9482196569442749 0.4843178391456604 0.10354220867156982 0.09161114692687988
5 0.31687217950820923 0.8348577618598938 0.6337461471557617 0.3286401033401489
5 0.9494286179542542 0.46871158480644226 0.1011878252029419 0.06038165092468262
5 0.948488712310791 0.5065299272537231 0.10282695293426514 0.047066569328308105
5 0.6204387992620468 0.623881459236145 0.5159509479999542 0.10395562648773193
5 0.9187690019607544 0.6687283515930176 0.16260075569152832 0.11234724521636963
