4 0.23974359035491943 0.5698110610246658 0.2990231513977051 0.48582062125205994
4 0.35724011063575745 0.5603519082069397 0.17335128784179688 0.3201791048049927
4 0.2675642594695091 0.5703573673963547 0.3541930466890335 0.48715177178382874
4 0.33704447001218796 0.938037633895874 0.26573146879673004 0.12386679649353027
4 0.40325525403022766 0.5686518549919128 0.05283695459365845 0.2998363971710205
4 0.3269484341144562 0.5580692291259766 0.11436420679092407 0.3148881196975708
4 0.3381805121898651 0.07165532559156418 0.1546553373336792 0.14307214319705963
4 0.3866647481918335 0.9379101991653442 0.165033221244812 0.12339818477630615
4 0.23974359035491943 0.5698110610246658 0.2990231513977051 0.48582062125205994
4 0.35724011063575745 0.5603519082069397 0.17335128784179688 0.3201791048049927
4 0.2675642594695091 0.5703573673963547 0.3541930466890335 0.48715177178382874
4 0.33704447001218796 0.938037633895874 0.26573146879673004 0.12386679649353027
4 0.40325525403022766 0.5686518549919128 0.05283695459365845 0.2998363971710205
4 0.3269484341144562 0.5580692291259766 0.11436420679092407 0.3148881196975708
4 0.3381805121898651 0.07165532559156418 0.1546553373336792 0.14307214319705963
4 0.3866647481918335 0.9379101991653442 0.165033221244812 0.12339818477630615
