1 0.5437028855085373 0.5570502281188965 0.8489324152469635 0.8846127986907959
4 0.06723927333950996 0.10420967824757099 0.13412334769964218 0.10677694901823997
4 0.25940805673599243 0.12618735805153847 0.13945049047470093 0.12566696852445602
4 0.25361523032188416 0.30281099677085876 0.13175594806671143 0.1265028715133667
4 0.061783960089087486 0.6712856888771057 0.12334864214062691 0.13341224193572998
4 0.06326054781675339 0.2920220196247101 0.1262519210577011 0.12176012992858887
4 0.0655040442943573 0.4821939170360565 0.13094833493232727 0.11969023942947388
4 0.26567980647087097 0.4699997305870056 0.15985935926437378 0.1339040994644165
4 0.2633656859397888 0.010242152493447065 0.13137972354888916 0.020731174387037754
1 0.5437028855085373 0.5570502281188965 0.8489324152469635 0.8846127986907959
4 0.06723927333950996 0.10420967824757099 0.13412334769964218 0.10677694901823997
4 0.25940805673599243 0.12618735805153847 0.13945049047470093 0.12566696852445602
4 0.25361523032188416 0.30281099677085876 0.13175594806671143 0.1265028715133667
4 0.061783960089087486 0.6712856888771057 0.12334864214062691 0.13341224193572998
4 0.06326054781675339 0.2920220196247101 0.1262519210577011 0.12176012992858887
4 0.0655040442943573 0.4821939170360565 0.13094833493232727 0.11969023942947388
4 0.26567980647087097 0.4699997305870056 0.15985935926437378 0.1339040994644165
4 0.2633656859397888 0.010242152493447065 0.13137972354888916 0.020731174387037754
