1 0.48546095192432404 0.6197661608457565 0.504617303609848 0.7583040297031403
5 0.06057314947247505 0.490176260471344 0.12102743238210678 0.269555926322937
5 0.0710345171391964 0.1320318654179573 0.1418873742222786 0.2642265409231186
5 0.04021915793418884 0.8471687436103821 0.08017304539680481 0.29565441608428955
5 0.2868238091468811 0.47017785906791687 0.14620167016983032 0.17951816320419312
1 0.48546095192432404 0.6197661608457565 0.504617303609848 0.7583040297031403
5 0.06057314947247505 0.490176260471344 0.12102743238210678 0.269555926322937
5 0.0710345171391964 0.1320318654179573 0.1418873742222786 0.2642265409231186
5 0.04021915793418884 0.8471687436103821 0.08017304539680481 0.29565441608428955
5 0.2868238091468811 0.47017785906791687 0.14620167016983032 0.17951816320419312
