1 0.4349963665008545 0.507683277130127 0.33010613918304443 0.3859478235244751
1 0.8008809685707092 0.5081899762153625 0.39766836166381836 0.5665010213851929
2 0.08061675354838371 0.20442385226488113 0.15878883749246597 0.19521234929561615
2 0.087528046220541 0.6312645077705383 0.17531640082597733 0.681165337562561
2 0.08778122067451477 0.8204813599586487 0.1752670407295227 0.29698610305786133
2 0.08154762536287308 0.24888011068105698 0.1599797159433365 0.28436799347400665
2 0.11253338679671288 0.39077621698379517 0.22004307061433792 0.5700081586837769
1 0.4349963665008545 0.507683277130127 0.33010613918304443 0.3859478235244751
1 0.8008809685707092 0.5081899762153625 0.39766836166381836 0.5665010213851929
2 0.08061675354838371 0.20442385226488113 0.15878883749246597 0.19521234929561615
2 0.087528046220541 0.6312645077705383 0.17531640082597733 0.681165337562561
2 0.08778122067451477 0.8204813599586487 0.1752670407295227 0.29698610305786133
2 0.08154762536287308 0.24888011068105698 0.1599797159433365 0.28436799347400665
2 0.11253338679671288 0.39077621698379517 0.22004307061433792 0.5700081586837769
