3 0.46661795675754547 0.737295389175415 0.26330921053886414 0.22743356227874756
4 0.8614116907119751 0.5518054813146591 0.17664170265197754 0.49189093708992004
4 0.09340343251824379 0.6006890535354614 0.18588566035032272 0.39649510383605957
4 0.0935271680355072 0.6749330163002014 0.18543818593025208 0.24717140197753906
4 0.9754322171211243 0.7508919835090637 0.04667973518371582 0.11999905109405518
3 0.46661795675754547 0.737295389175415 0.26330921053886414 0.22743356227874756
4 0.8614116907119751 0.5518054813146591 0.17664170265197754 0.49189093708992004
4 0.09340343251824379 0.6006890535354614 0.18588566035032272 0.39649510383605957
4 0.0935271680355072 0.6749330163002014 0.18543818593025208 0.24717140197753906
4 0.9754322171211243 0.7508919835090637 0.04667973518371582 0.11999905109405518
