1 0.46245837211608887 0.6262504458427429 0.31694459915161133 0.4254878759384155
2 0.866195797920227 0.48577243089675903 0.2536616325378418 0.27265894412994385
1 0.1642448902130127 0.6578138470649719 0.13732853531837463 0.3384101390838623
1 0.1806335151195526 0.7249718308448792 0.10375624895095825 0.19875311851501465
1 0.8024852871894836 0.7306422591209412 0.3947422504425049 0.5361411571502686
2 0.8216826915740967 0.5320841670036316 0.3543415069580078 0.3659999370574951
1 0.16368582844734192 0.6934996247291565 0.13854548335075378 0.4113774299621582
2 0.8028691411018372 0.6746134757995605 0.39405715465545654 0.6480511426925659
1 0.7210139632225037 0.6639585494995117 0.15238893032073975 0.10234308242797852
2 0.8702465891838074 0.5337636321783066 0.2591739892959595 0.36909249424934387
1 0.46245837211608887 0.6262504458427429 0.31694459915161133 0.4254878759384155
2 0.866195797920227 0.48577243089675903 0.2536616325378418 0.27265894412994385
1 0.1642448902130127 0.6578138470649719 0.13732853531837463 0.3384101390838623
1 0.1806335151195526 0.7249718308448792 0.10375624895095825 0.19875311851501465
1 0.8024852871894836 0.7306422591209412 0.3947422504425049 0.5361411571502686
2 0.8216826915740967 0.5320841670036316 0.3543415069580078 0.3659999370574951
1 0.16368582844734192 0.6934996247291565 0.13854548335075378 0.4113774299621582
2 0.8028691411018372 0.6746134757995605 0.39405715465545654 0.6480511426925659
1 0.7210139632225037 0.6639585494995117 0.15238893032073975 0.10234308242797852
2 0.8702465891838074 0.5337636321783066 0.2591739892959595 0.36909249424934387
