1 0.3677535951137543 0.515835627913475 0.16271811723709106 0.466859370470047
4 0.8038554191589355 0.5654444098472595 0.07992911338806152 0.13540470600128174
1 0.7976493835449219 0.5028827339410782 0.12452578544616699 0.25791212916374207
2 0.6575242877006531 0.684403657913208 0.1499251127243042 0.33353614807128906
1 0.6863331198692322 0.5030684471130371 0.08700120449066162 0.09389209747314453
4 0.4688105136156082 0.661609947681427 0.10471698641777039 0.12886786460876465
1 0.5053941160440445 0.4893239736557007 0.06776806712150574 0.10180318355560303
1 0.32791808247566223 0.5116019994020462 0.2463105320930481 0.47910746932029724
2 0.9601843953132629 0.5328891724348068 0.07969295978546143 0.09393730759620667
1 0.4791049361228943 0.5818737745285034 0.12797188758850098 0.28747808933258057
2 0.947607010602951 0.768440306186676 0.10490518808364868 0.4227408170700073
2 0.950415313243866 0.6811787337064743 0.09913909435272217 0.3908325731754303
2 0.9496335685253143 0.7262394428253174 0.1009865403175354 0.48238861560821533
1 0.3677535951137543 0.515835627913475 0.16271811723709106 0.466859370470047
4 0.8038554191589355 0.5654444098472595 0.07992911338806152 0.13540470600128174
1 0.7976493835449219 0.5028827339410782 0.12452578544616699 0.25791212916374207
2 0.6575242877006531 0.684403657913208 0.1499251127243042 0.33353614807128906
1 0.6863331198692322 0.5030684471130371 0.08700120449066162 0.09389209747314453
4 0.4688105136156082 0.661609947681427 0.10471698641777039 0.12886786460876465
1 0.5053941160440445 0.4893239736557007 0.06776806712150574 0.10180318355560303
1 0.32791808247566223 0.5116019994020462 0.2463105320930481 0.47910746932029724
2 0.9601843953132629 0.5328891724348068 0.07969295978546143 0.09393730759620667
1 0.4791049361228943 0.5818737745285034 0.12797188758850098 0.28747808933258057
2 0.947607010602951 0.768440306186676 0.10490518808364868 0.4227408170700073
2 0.950415313243866 0.6811787337064743 0.09913909435272217 0.3908325731754303
2 0.9496335685253143 0.7262394428253174 0.1009865403175354 0.48238861560821533
