2 0.5542097091674805 0.6680732369422913 0.43436598777770996 0.6521553993225098
1 0.7613924741744995 0.6700507402420044 0.36871016025543213 0.2775890827178955
1 0.5966493487358093 0.7865866422653198 0.309867262840271 0.2253037691116333
2 0.8162240386009216 0.5111401677131653 0.07784092426300049 0.08063602447509766
1 0.709581196308136 0.6699738502502441 0.47187113761901855 0.2794337272644043
1 0.7822219729423523 0.670424222946167 0.3224560022354126 0.274522066116333
1 0.5616525411605835 0.5900605320930481 0.2336289882659912 0.12799608707427979
2 0.5542097091674805 0.6680732369422913 0.43436598777770996 0.6521553993225098
1 0.7613924741744995 0.6700507402420044 0.36871016025543213 0.2775890827178955
1 0.5966493487358093 0.7865866422653198 0.309867262840271 0.2253037691116333
2 0.8162240386009216 0.5111401677131653 0.07784092426300049 0.08063602447509766
1 0.709581196308136 0.6699738502502441 0.47187113761901855 0.2794337272644043
1 0.7822219729423523 0.670424222946167 0.3224560022354126 0.274522066116333
1 0.5616525411605835 0.5900605320930481 0.2336289882659912 0.12799608707427979
