1 0.49450111389160156 0.5364523977041245 0.45778024196624756 0.36516550183296204
4 0.8869020938873291 0.36773069202899933 0.2258281707763672 0.7351921498775482
4 0.8896082937717438 0.08995112404227257 0.22085970640182495 0.17983407527208328
4 0.8906280994415283 0.3900342881679535 0.21866273880004883 0.16018295288085938
4 0.8909888863563538 0.5841649770736694 0.21802055835723877 0.18868863582611084
4 0.8960380554199219 0.6806830167770386 0.20745635032653809 0.1074683666229248
4 0.892921507358551 0.21486500278115273 0.2145289182662964 0.21075337380170822
1 0.49450111389160156 0.5364523977041245 0.45778024196624756 0.36516550183296204
4 0.8869020938873291 0.36773069202899933 0.2258281707763672 0.7351921498775482
4 0.8896082937717438 0.08995112404227257 0.22085970640182495 0.17983407527208328
4 0.8906280994415283 0.3900342881679535 0.21866273880004883 0.16018295288085938
4 0.8909888863563538 0.5841649770736694 0.21802055835723877 0.18868863582611084
4 0.8960380554199219 0.6806830167770386 0.20745635032653809 0.1074683666229248
4 0.892921507358551 0.21486500278115273 0.2145289182662964 0.21075337380170822
