3 0.47852203249931335 0.5832421630620956 0.2415892481803894 0.46007421612739563
3 0.1707184575498104 0.6519622206687927 0.16710693389177322 0.20376193523406982
3 0.7012335062026978 0.5480359196662903 0.17732703685760498 0.13421416282653809
3 0.8975723385810852 0.6581457853317261 0.16477739810943604 0.18692195415496826
3 0.7016106247901917 0.6817053556442261 0.18732547760009766 0.14703214168548584
3 0.47852203249931335 0.5832421630620956 0.2415892481803894 0.46007421612739563
3 0.1707184575498104 0.6519622206687927 0.16710693389177322 0.20376193523406982
3 0.7012335062026978 0.5480359196662903 0.17732703685760498 0.13421416282653809
3 0.8975723385810852 0.6581457853317261 0.16477739810943604 0.18692195415496826
3 0.7016106247901917 0.6817053556442261 0.18732547760009766 0.14703214168548584
