4 0.4950139820575714 0.6195080876350403 0.2950754761695862 0.5975847244262695
5 0.1713920161128044 0.8749146461486816 0.3426220566034317 0.10270082950592041
5 0.04999091848731041 0.6604790091514587 0.1001090481877327 0.053899288177490234
5 0.8057003617286682 0.6494789570569992 0.3881319761276245 0.6006537973880768
5 0.1514568030834198 0.7648975253105164 0.3033407926559448 0.0914158821105957
5 0.059554414823651314 0.731440544128418 0.11878791078925133 0.05576634407043457
5 0.8562321066856384 0.5104522109031677 0.2876981496810913 0.0919337272644043
5 0.8091074228286743 0.8947451710700989 0.38162899017333984 0.10749781131744385
5 0.6273863166570663 0.1311909295618534 0.4561791718006134 0.15477710217237473
5 0.17891822010278702 0.12561382353305817 0.35701029002666473 0.15593361854553223
5 0.05892588384449482 0.698273241519928 0.1177566610276699 0.08017289638519287
5 0.17195943742990494 0.7809351682662964 0.34379176795482635 0.29326295852661133
5 0.9473077356815338 0.12655147910118103 0.1054338812828064 0.15845975279808044
4 0.4950139820575714 0.6195080876350403 0.2950754761695862 0.5975847244262695
5 0.1713920161128044 0.8749146461486816 0.3426220566034317 0.10270082950592041
5 0.04999091848731041 0.6604790091514587 0.1001090481877327 0.053899288177490234
5 0.8057003617286682 0.6494789570569992 0.3881319761276245 0.6006537973880768
5 0.1514568030834198 0.7648975253105164 0.3033407926559448 0.0914158821105957
5 0.059554414823651314 0.731440544128418 0.11878791078925133 0.05576634407043457
5 0.8562321066856384 0.5104522109031677 0.2876981496810913 0.0919337272644043
5 0.8091074228286743 0.8947451710700989 0.38162899017333984 0.10749781131744385
5 0.6273863166570663 0.1311909295618534 0.4561791718006134 0.15477710217237473
5 0.17891822010278702 0.12561382353305817 0.35701029002666473 0.15593361854553223
5 0.05892588384449482 0.698273241519928 0.1177566610276699 0.08017289638519287
5 0.17195943742990494 0.7809351682662964 0.34379176795482635 0.29326295852661133
5 0.9473077356815338 0.12655147910118103 0.1054338812828064 0.15845975279808044
