3 0.6080386191606522 0.9377973675727844 0.37492236495018005 0.12457478046417236
2 0.09293925762176514 0.6005685329437256 0.1858072280883789 0.42285072803497314
2 0.752461314201355 0.4920477271080017 0.1607053279876709 0.18416869640350342
2 0.4914225935935974 0.5689939707517624 0.14685070514678955 0.1728905737400055
2 0.9383809566497803 0.485323429107666 0.1232067346572876 0.16017019748687744
2 0.9402341246604919 0.4693281501531601 0.11960780620574951 0.12419596314430237
3 0.6080386191606522 0.9377973675727844 0.37492236495018005 0.12457478046417236
2 0.09293925762176514 0.6005685329437256 0.1858072280883789 0.42285072803497314
2 0.752461314201355 0.4920477271080017 0.1607053279876709 0.18416869640350342
2 0.4914225935935974 0.5689939707517624 0.14685070514678955 0.1728905737400055
2 0.9383809566497803 0.485323429107666 0.1232067346572876 0.16017019748687744
2 0.9402341246604919 0.4693281501531601 0.11960780620574951 0.12419596314430237
