3 0.4942033588886261 0.6861665844917297 0.23231500387191772 0.3510861396789551
2 0.5362641662359238 0.449863538146019 0.5033526718616486 0.8247003853321075
3 0.8522120714187622 0.6897935271263123 0.14183259010314941 0.25652968883514404
2 0.9576600790023804 0.5753164738416672 0.08484053611755371 0.5215329229831696
3 0.06353630125522614 0.693640410900116 0.1269996464252472 0.1908257007598877
2 0.6838403344154358 0.5811808705329895 0.10960495471954346 0.19276678562164307
3 0.682337760925293 0.6208740472793579 0.10219311714172363 0.10629665851593018
2 0.8380014300346375 0.6073585003614426 0.2094172239303589 0.42502036690711975
3 0.24993528425693512 0.6194537878036499 0.20631143450737 0.33753275871276855
3 0.9579883813858032 0.6468512415885925 0.08396625518798828 0.3729010820388794
2 0.06471774354577065 0.6773121953010559 0.1293230578303337 0.22742009162902832
3 0.4942033588886261 0.6861665844917297 0.23231500387191772 0.3510861396789551
2 0.5362641662359238 0.449863538146019 0.5033526718616486 0.8247003853321075
3 0.8522120714187622 0.6897935271263123 0.14183259010314941 0.25652968883514404
2 0.9576600790023804 0.5753164738416672 0.08484053611755371 0.5215329229831696
3 0.06353630125522614 0.693640410900116 0.1269996464252472 0.1908257007598877
2 0.6838403344154358 0.5811808705329895 0.10960495471954346 0.19276678562164307
3 0.682337760925293 0.6208740472793579 0.10219311714172363 0.10629665851593018
2 0.8380014300346375 0.6073585003614426 0.2094172239303589 0.42502036690711975
3 0.24993528425693512 0.6194537878036499 0.20631143450737 0.33753275871276855
3 0.9579883813858032 0.6468512415885925 0.08396625518798828 0.3729010820388794
2 0.06471774354577065 0.6773121953010559 0.1293230578303337 0.22742009162902832
