5 0.49999213218688965 0.6738556027412415 0.9999986886978149 0.3308175802230835
1 0.18625974655151367 0.328944556415081 0.26663243770599365 0.43353165686130524
1 0.30529823899269104 0.34146249294281006 0.07777053117752075 0.12801575660705566
1 0.3116295337677002 0.26179027557373047 0.11591100692749023 0.290580689907074
1 0.21095792204141617 0.32649219036102295 0.31934551894664764 0.43987584114074707
5 0.49999213218688965 0.6738556027412415 0.9999986886978149 0.3308175802230835
1 0.18625974655151367 0.328944556415081 0.26663243770599365 0.43353165686130524
1 0.30529823899269104 0.34146249294281006 0.07777053117752075 0.12801575660705566
1 0.3116295337677002 0.26179027557373047 0.11591100692749023 0.290580689907074
1 0.21095792204141617 0.32649219036102295 0.31934551894664764 0.43987584114074707
