3 0.4883175641298294 0.5842571258544922 0.3039334714412689 0.1592797040939331
5 0.5889331847429276 0.7506391406059265 0.8208113610744476 0.11083829402923584
5 0.13843996077775955 0.6778056621551514 0.27728448808193207 0.06328403949737549
5 0.08912277221679688 0.7282513976097107 0.1783258318901062 0.06137681007385254
5 0.1385955736041069 0.7224212288856506 0.27702702581882477 0.15141284465789795
5 0.0922895073890686 0.7713350653648376 0.18459752202033997 0.05365872383117676
5 0.8515065312385559 0.5981382727622986 0.29748666286468506 0.24021446704864502
5 0.31351055204868317 0.21461109071969986 0.6257703006267548 0.3564993590116501
5 0.8491796553134918 0.21862933039665222 0.3019024729728699 0.33546704053878784
3 0.4883175641298294 0.5842571258544922 0.3039334714412689 0.1592797040939331
5 0.5889331847429276 0.7506391406059265 0.8208113610744476 0.11083829402923584
5 0.13843996077775955 0.6778056621551514 0.27728448808193207 0.06328403949737549
5 0.08912277221679688 0.7282513976097107 0.1783258318901062 0.06137681007385254
5 0.1385955736041069 0.7224212288856506 0.27702702581882477 0.15141284465789795
5 0.0922895073890686 0.7713350653648376 0.18459752202033997 0.05365872383117676
5 0.8515065312385559 0.5981382727622986 0.29748666286468506 0.24021446704864502
5 0.31351055204868317 0.21461109071969986 0.6257703006267548 0.3564993590116501
5 0.8491796553134918 0.21862933039665222 0.3019024729728699 0.33546704053878784
