1 0.5266000628471375 0.6453185528516769 0.27901482582092285 0.46625247597694397
4 0.7966741919517517 0.22156447172164917 0.14552509784698486 0.13193678855895996
4 0.7958698272705078 0.12087927758693695 0.14517807960510254 0.10093244910240173
4 0.7901009917259216 0.3761289417743683 0.14687180519104004 0.13842767477035522
4 0.7994836568832397 0.5442748516798019 0.1311628818511963 0.11687484383583069
4 0.3059900477528572 0.1923617571592331 0.2573830932378769 0.07776924967765808
4 0.31059833616018295 0.2776084616780281 0.2672822028398514 0.10712169110774994
4 0.5869700759649277 0.2552897334098816 0.24101760983467102 0.13755565881729126
4 0.6411460638046265 0.15775873884558678 0.13208985328674316 0.10113031417131424
4 0.5849223732948303 0.40024298429489136 0.2451944351196289 0.1240234375
1 0.5266000628471375 0.6453185528516769 0.27901482582092285 0.46625247597694397
4 0.7966741919517517 0.22156447172164917 0.14552509784698486 0.13193678855895996
4 0.7958698272705078 0.12087927758693695 0.14517807960510254 0.10093244910240173
4 0.7901009917259216 0.3761289417743683 0.14687180519104004 0.13842767477035522
4 0.7994836568832397 0.5442748516798019 0.1311628818511963 0.11687484383583069
4 0.3059900477528572 0.1923617571592331 0.2573830932378769 0.07776924967765808
4 0.31059833616018295 0.2776084616780281 0.2672822028398514 0.10712169110774994
4 0.5869700759649277 0.2552897334098816 0.24101760983467102 0.13755565881729126
4 0.6411460638046265 0.15775873884558678 0.13208985328674316 0.10113031417131424
4 0.5849223732948303 0.40024298429489136 0.2451944351196289 0.1240234375
