5 0.5000173449516296 0.7510430216789246 0.9999996423721313 0.2970324754714966
2 0.5001736879348755 0.45226702094078064 0.9999988079071045 0.4435262084007263
2 0.7951463460922241 0.451792873442173 0.40937042236328125 0.4433228224515915
2 0.09390050172805786 0.5660081058740616 0.18786364793777466 0.26122304797172546
2 0.4695998281240463 0.4333939254283905 0.34752801060676575 0.30721431970596313
2 0.5002415180206299 0.41388870775699615 0.9999966621398926 0.3619653880596161
5 0.5000173449516296 0.7510430216789246 0.9999996423721313 0.2970324754714966
2 0.5001736879348755 0.45226702094078064 0.9999988079071045 0.4435262084007263
2 0.7951463460922241 0.451792873442173 0.40937042236328125 0.4433228224515915
2 0.09390050172805786 0.5660081058740616 0.18786364793777466 0.26122304797172546
2 0.4695998281240463 0.4333939254283905 0.34752801060676575 0.30721431970596313
2 0.5002415180206299 0.41388870775699615 0.9999966621398926 0.3619653880596161
