1 0.5098801106214523 0.6227826625108719 0.5374082624912262 0.7279923856258392
1 0.7831364870071411 0.49140822887420654 0.138808012008667 0.1556159257888794
1 0.8918487429618835 0.515914723277092 0.08535778522491455 0.10508468747138977
1 0.8948552012443542 0.5027191638946533 0.10630559921264648 0.1343529224395752
1 0.94367516040802 0.6302930861711502 0.11281824111938477 0.5756352841854095
1 0.7629345059394836 0.49082478880882263 0.18226444721221924 0.15761655569076538
1 0.5098801106214523 0.6227826625108719 0.5374082624912262 0.7279923856258392
1 0.7831364870071411 0.49140822887420654 0.138808012008667 0.1556159257888794
1 0.8918487429618835 0.515914723277092 0.08535778522491455 0.10508468747138977
1 0.8948552012443542 0.5027191638946533 0.10630559921264648 0.1343529224395752
1 0.94367516040802 0.6302930861711502 0.11281824111938477 0.5756352841854095
1 0.7629345059394836 0.49082478880882263 0.18226444721221924 0.15761655569076538
