2 0.48379379510879517 0.4976249933242798 0.6491707563400269 0.8422479629516602
4 0.15264763683080673 0.9201642870903015 0.30549605190753937 0.15910255908966064
2 0.12185370922088623 0.431795135140419 0.24299407005310059 0.5559081733226776
4 0.1916932389140129 0.8188848495483398 0.29301489889621735 0.08408451080322266
4 0.8586744666099548 0.9455490112304688 0.2818843126296997 0.08873510360717773
4 0.7072840929031372 0.8304000496864319 0.26188600063323975 0.08792269229888916
4 0.7967149615287781 0.7843000888824463 0.2367779016494751 0.05748438835144043
2 0.7941129207611084 0.14030859246850014 0.1255502700805664 0.1630253717303276
4 0.14144977927207947 0.7052576541900635 0.2780637741088867 0.08353590965270996
4 0.15772663801908493 0.7466290593147278 0.3140900284051895 0.06354713439941406
4 0.8301134705543518 0.9681460857391357 0.3325120210647583 0.06261801719665527
4 0.7843445539474487 0.9679889678955078 0.24083161354064941 0.06268739700317383
4 0.6505671739578247 0.7268064618110657 0.11321759223937988 0.08958947658538818
4 0.8316189050674438 0.950038492679596 0.33558499813079834 0.09792149066925049
2 0.48379379510879517 0.4976249933242798 0.6491707563400269 0.8422479629516602
4 0.15264763683080673 0.9201642870903015 0.30549605190753937 0.15910255908966064
2 0.12185370922088623 0.431795135140419 0.24299407005310059 0.5559081733226776
4 0.1916932389140129 0.8188848495483398 0.29301489889621735 0.08408451080322266
4 0.8586744666099548 0.9455490112304688 0.2818843126296997 0.08873510360717773
4 0.7072840929031372 0.8304000496864319 0.26188600063323975 0.08792269229888916
4 0.7967149615287781 0.7843000888824463 0.2367779016494751 0.05748438835144043
2 0.7941129207611084 0.14030859246850014 0.1255502700805664 0.1630253717303276
4 0.14144977927207947 0.7052576541900635 0.2780637741088867 0.08353590965270996
4 0.15772663801908493 0.7466290593147278 0.3140900284051895 0.06354713439941406
4 0.8301134705543518 0.9681460857391357 0.3325120210647583 0.06261801719665527
4 0.7843445539474487 0.9679889678955078 0.24083161354064941 0.06268739700317383
4 0.6505671739578247 0.7268064618110657 0.11321759223937988 0.08958947658538818
4 0.8316189050674438 0.950038492679596 0.33558499813079834 0.09792149066925049
