3 0.4952279031276703 0.7038401961326599 0.3952133059501648 0.29493725299835205
5 0.6038697212934494 0.7360482811927795 0.7917307913303375 0.14407050609588623
5 0.05804582126438618 0.8098743557929993 0.11598598584532738 0.08623409271240234
5 0.29857128858566284 0.7232975363731384 0.1832018494606018 0.11248397827148438
5 0.8035840392112732 0.7367815971374512 0.3926365375518799 0.14394128322601318
3 0.4952279031276703 0.7038401961326599 0.3952133059501648 0.29493725299835205
5 0.6038697212934494 0.7360482811927795 0.7917307913303375 0.14407050609588623
5 0.05804582126438618 0.8098743557929993 0.11598598584532738 0.08623409271240234
5 0.29857128858566284 0.7232975363731384 0.1832018494606018 0.11248397827148438
5 0.8035840392112732 0.7367815971374512 0.3926365375518799 0.14394128322601318
