5 0.6385080814361572 0.539050281047821 0.7225556373596191 0.22823703289031982
5 0.7317867875099182 0.7260758280754089 0.536064863204956 0.21842479705810547
1 0.9201446175575256 0.290707528591156 0.15987002849578857 0.4032967686653137
1 0.859764575958252 0.2914535701274872 0.2804417610168457 0.40409982204437256
1 0.538302481174469 0.4560331255197525 0.09814143180847168 0.1628795564174652
1 0.859440267086029 0.33534300327301025 0.28086841106414795 0.4993102550506592
5 0.6385080814361572 0.539050281047821 0.7225556373596191 0.22823703289031982
5 0.7317867875099182 0.7260758280754089 0.536064863204956 0.21842479705810547
1 0.9201446175575256 0.290707528591156 0.15987002849578857 0.4032967686653137
1 0.859764575958252 0.2914535701274872 0.2804417610168457 0.40409982204437256
1 0.538302481174469 0.4560331255197525 0.09814143180847168 0.1628795564174652
1 0.859440267086029 0.33534300327301025 0.28086841106414795 0.4993102550506592
