1 0.5757690072059631 0.1035512164235115 0.15657639503479004 0.2070089727640152
1 0.3806131184101105 0.12932375073432922 0.10290020704269409 0.16130346059799194
1 0.4995283931493759 0.4390769749879837 0.9993908703327179 0.6427880227565765
1 0.22489874809980392 0.1366010159254074 0.09936071932315826 0.14338478446006775
1 0.726700484752655 0.04261695593595505 0.09254097938537598 0.07975038886070251
1 0.832396924495697 0.04288872703909874 0.12226235866546631 0.08573328703641891
1 0.4998873770236969 0.5551732778549194 0.9998101592063904 0.8781846761703491
1 0.13023806735873222 0.3208203613758087 0.0947904959321022 0.13145321607589722
1 0.9437641501426697 0.043173423036932945 0.10514295101165771 0.08673589304089546
1 0.5585285276174545 0.10322608053684235 0.11963358521461487 0.20598110556602478
1 0.5757690072059631 0.1035512164235115 0.15657639503479004 0.2070089727640152
1 0.3806131184101105 0.12932375073432922 0.10290020704269409 0.16130346059799194
1 0.4995283931493759 0.4390769749879837 0.9993908703327179 0.6427880227565765
1 0.22489874809980392 0.1366010159254074 0.09936071932315826 0.14338478446006775
1 0.726700484752655 0.04261695593595505 0.09254097938537598 0.07975038886070251
1 0.832396924495697 0.04288872703909874 0.12226235866546631 0.08573328703641891
1 0.4998873770236969 0.5551732778549194 0.9998101592063904 0.8781846761703491
1 0.13023806735873222 0.3208203613758087 0.0947904959321022 0.13145321607589722
1 0.9437641501426697 0.043173423036932945 0.10514295101165771 0.08673589304089546
1 0.5585285276174545 0.10322608053684235 0.11963358521461487 0.20598110556602478
