5 0.4838244318962097 0.7351201772689819 0.6245225667953491 0.16933667659759521
1 0.7247272729873657 0.2828364148736 0.11241436004638672 0.07706843316555023
1 0.19229091703891754 0.3062644302845001 0.09493732452392578 0.16588819026947021
1 0.8847056031227112 0.2758934572339058 0.06015920639038086 0.06034962832927704
7 0.8672415614128113 0.2758527994155884 0.09402799606323242 0.062055766582489014
5 0.4838244318962097 0.7351201772689819 0.6245225667953491 0.16933667659759521
1 0.7247272729873657 0.2828364148736 0.11241436004638672 0.07706843316555023
1 0.19229091703891754 0.3062644302845001 0.09493732452392578 0.16588819026947021
1 0.8847056031227112 0.2758934572339058 0.06015920639038086 0.06034962832927704
7 0.8672415614128113 0.2758527994155884 0.09402799606323242 0.062055766582489014
