3 0.44189414381980896 0.7165737748146057 0.3859040141105652 0.312991738319397
1 0.7201640605926514 0.3864869475364685 0.03936302661895752 0.0698854923248291
2 0.22512583062052727 0.5881081223487854 0.24195454269647598 0.2759895324707031
2 0.825849711894989 0.5614703446626663 0.3476914167404175 0.21925470232963562
1 0.1341947764158249 0.4116228520870209 0.2681349813938141 0.6532055735588074
2 0.4848799705505371 0.47560687363147736 0.3030778169631958 0.12758883833885193
2 0.5520557165145874 0.5712065696716309 0.895626425743103 0.3098839521408081
3 0.44189414381980896 0.7165737748146057 0.3859040141105652 0.312991738319397
1 0.7201640605926514 0.3864869475364685 0.03936302661895752 0.0698854923248291
2 0.22512583062052727 0.5881081223487854 0.24195454269647598 0.2759895324707031
2 0.825849711894989 0.5614703446626663 0.3476914167404175 0.21925470232963562
1 0.1341947764158249 0.4116228520870209 0.2681349813938141 0.6532055735588074
2 0.4848799705505371 0.47560687363147736 0.3030778169631958 0.12758883833885193
2 0.5520557165145874 0.5712065696716309 0.895626425743103 0.3098839521408081
