2 0.18762223422527313 0.42723512649536133 0.08936914801597595 0.1449260115623474
4 0.5108319669961929 0.7460387945175171 0.5884751975536346 0.19569063186645508
4 0.3950469195842743 0.8693805932998657 0.7903007864952087 0.25718677043914795
1 0.7189342230558395 0.5925903916358948 0.5611104071140289 0.36356687545776367
2 0.5001490712165833 0.3359263837337494 0.2855736017227173 0.26469022035598755
4 0.9444181323051453 0.8707634806632996 0.11090028285980225 0.08310747146606445
2 0.06272618472576141 0.4511813819408417 0.12516355514526367 0.20896631479263306
4 0.4028872847557068 0.8230286240577698 0.805208683013916 0.3497880697250366
2 0.08545094542205334 0.5072512030601501 0.0774933435022831 0.0938878059387207
2 0.5654487460851669 0.35828253626823425 0.15489748120307922 0.21852099895477295
1 0.6342203617095947 0.5385854840278625 0.385317325592041 0.2541046142578125
4 0.9563859105110168 0.7636552453041077 0.08687615394592285 0.07229900360107422
10 0.06200995855033398 0.4930720925331116 0.12376225367188454 0.1295074224472046
1 0.8300135731697083 0.5943058729171753 0.3396819829940796 0.36037933826446533
1 0.1285122111439705 0.6126276254653931 0.25259338319301605 0.18151402473449707
2 0.07531844265758991 0.4487455487251282 0.09927823767066002 0.20362985134124756
2 0.18762223422527313 0.42723512649536133 0.08936914801597595 0.1449260115623474
4 0.5108319669961929 0.7460387945175171 0.5884751975536346 0.19569063186645508
4 0.3950469195842743 0.8693805932998657 0.7903007864952087 0.25718677043914795
1 0.7189342230558395 0.5925903916358948 0.5611104071140289 0.36356687545776367
2 0.5001490712165833 0.3359263837337494 0.2855736017227173 0.26469022035598755
4 0.9444181323051453 0.8707634806632996 0.11090028285980225 0.08310747146606445
2 0.06272618472576141 0.4511813819408417 0.12516355514526367 0.20896631479263306
4 0.4028872847557068 0.8230286240577698 0.805208683013916 0.3497880697250366
2 0.08545094542205334 0.5072512030601501 0.0774933435022831 0.0938878059387207
2 0.5654487460851669 0.35828253626823425 0.15489748120307922 0.21852099895477295
1 0.6342203617095947 0.5385854840278625 0.385317325592041 0.2541046142578125
4 0.9563859105110168 0.7636552453041077 0.08687615394592285 0.07229900360107422
10 0.06200995855033398 0.4930720925331116 0.12376225367188454 0.1295074224472046
1 0.8300135731697083 0.5943058729171753 0.3396819829940796 0.36037933826446533
1 0.1285122111439705 0.6126276254653931 0.25259338319301605 0.18151402473449707
2 0.07531844265758991 0.4487455487251282 0.09927823767066002 0.20362985134124756
