3 0.5103595107793808 0.7115204334259033 0.19514182209968567 0.3411872386932373
2 0.7458283752202988 0.6197566390037537 0.509220153093338 0.752885103225708
2 0.18501458317041397 0.8039174675941467 0.3694564551115036 0.3885911703109741
2 0.4744362533092499 0.36039312183856964 0.6233002543449402 0.7196110188961029
3 0.3779156804084778 0.7591496109962463 0.09664946794509888 0.06911695003509521
2 0.4742434620857239 0.3983573019504547 0.6238129138946533 0.7957081198692322
2 0.4744654893875122 0.4386066347360611 0.6248476505279541 0.8765773475170135
3 0.5103595107793808 0.7115204334259033 0.19514182209968567 0.3411872386932373
2 0.7458283752202988 0.6197566390037537 0.509220153093338 0.752885103225708
2 0.18501458317041397 0.8039174675941467 0.3694564551115036 0.3885911703109741
2 0.4744362533092499 0.36039312183856964 0.6233002543449402 0.7196110188961029
3 0.3779156804084778 0.7591496109962463 0.09664946794509888 0.06911695003509521
2 0.4742434620857239 0.3983573019504547 0.6238129138946533 0.7957081198692322
2 0.4744654893875122 0.4386066347360611 0.6248476505279541 0.8765773475170135
