4 0.47024762630462646 0.5486857146024704 0.07702720165252686 0.24014821648597717
4 0.4720972776412964 0.48698002099990845 0.07171142101287842 0.1188802719116211
2 0.8081912994384766 0.6978198289871216 0.2987551689147949 0.4715346097946167
1 0.6999208927154541 0.3954389989376068 0.20479393005371094 0.26174551248550415
1 0.4717550277709961 0.4895440638065338 0.16713321208953857 0.35847634077072144
2 0.6254851818084717 0.5817298293113708 0.13418686389923096 0.2082453966140747
2 0.3850559890270233 0.6097385883331299 0.18526488542556763 0.30428552627563477
2 0.16064196825027466 0.7195669561624527 0.3204660415649414 0.5595738589763641
1 0.27520694583654404 0.38230711221694946 0.12622351944446564 0.1539604663848877
1 0.275283545255661 0.41698935627937317 0.1280992031097412 0.22412365674972534
1 0.005404054187238216 0.44642144441604614 0.01079740934073925 0.15792465209960938
2 0.21458494663238525 0.7195766121149063 0.42898285388946533 0.560322493314743
1 0.4715272933244705 0.4272579252719879 0.16657134890556335 0.2345530390739441
1 0.0074955930467695 0.4717787653207779 0.01504278602078557 0.22626659274101257
1 0.004039775114506483 0.4722627252340317 0.008098787628114223 0.21294572949409485
1 0.006143406266346574 0.45481403172016144 0.012356537859886885 0.2677513062953949
1 0.6995705366134644 0.48144450783729553 0.20470809936523438 0.4358953833580017
2 0.35821112990379333 0.5873489379882812 0.1344006061553955 0.2596399784088135
4 0.47024762630462646 0.5486857146024704 0.07702720165252686 0.24014821648597717
4 0.4720972776412964 0.48698002099990845 0.07171142101287842 0.1188802719116211
2 0.8081912994384766 0.6978198289871216 0.2987551689147949 0.4715346097946167
1 0.6999208927154541 0.3954389989376068 0.20479393005371094 0.26174551248550415
1 0.4717550277709961 0.4895440638065338 0.16713321208953857 0.35847634077072144
2 0.6254851818084717 0.5817298293113708 0.13418686389923096 0.2082453966140747
2 0.3850559890270233 0.6097385883331299 0.18526488542556763 0.30428552627563477
2 0.16064196825027466 0.7195669561624527 0.3204660415649414 0.5595738589763641
1 0.27520694583654404 0.38230711221694946 0.12622351944446564 0.1539604663848877
1 0.275283545255661 0.41698935627937317 0.1280992031097412 0.22412365674972534
1 0.005404054187238216 0.44642144441604614 0.01079740934073925 0.15792465209960938
2 0.21458494663238525 0.7195766121149063 0.42898285388946533 0.560322493314743
1 0.4715272933244705 0.4272579252719879 0.16657134890556335 0.2345530390739441
1 0.0074955930467695 0.4717787653207779 0.01504278602078557 0.22626659274101257
1 0.004039775114506483 0.4722627252340317 0.008098787628114223 0.21294572949409485
1 0.006143406266346574 0.45481403172016144 0.012356537859886885 0.2677513062953949
1 0.6995705366134644 0.48144450783729553 0.20470809936523438 0.4358953833580017
2 0.35821112990379333 0.5873489379882812 0.1344006061553955 0.2596399784088135
