4 0.5004303306341171 0.8042939901351929 0.9991307556629181 0.375516414642334
2 0.8473924398422241 0.3724803179502487 0.3052699565887451 0.7448340952396393
2 0.4488766938447952 0.28130774945020676 0.20768460631370544 0.3772505670785904
6 0.45017221570014954 0.23681369423866272 0.2122376561164856 0.47090333700180054
4 0.6465747952461243 0.7418029308319092 0.7068418264389038 0.2505378723144531
7 0.4961070716381073 0.23609089851379395 0.30229121446609497 0.47255706787109375
4 0.5004303306341171 0.8042939901351929 0.9991307556629181 0.375516414642334
2 0.8473924398422241 0.3724803179502487 0.3052699565887451 0.7448340952396393
2 0.4488766938447952 0.28130774945020676 0.20768460631370544 0.3772505670785904
6 0.45017221570014954 0.23681369423866272 0.2122376561164856 0.47090333700180054
4 0.6465747952461243 0.7418029308319092 0.7068418264389038 0.2505378723144531
7 0.4961070716381073 0.23609089851379395 0.30229121446609497 0.47255706787109375
