1 0.8574523031711578 0.7550304532051086 0.28517264127731323 0.48683881759643555
2 0.5331192165613174 0.5176369547843933 0.3000600039958954 0.2698010206222534
2 0.07917208969593048 0.5280179232358932 0.15832465887069702 0.37930455803871155
2 0.5330944210290909 0.5392891764640808 0.2997567355632782 0.3154972791671753
2 0.533315896987915 0.4611918330192566 0.2982511520385742 0.1574876308441162
2 0.6639747470617294 0.6804917901754379 0.557355672121048 0.5039565861225128
2 0.5331778079271317 0.49398060142993927 0.29911884665489197 0.22385498881340027
1 0.8574523031711578 0.7550304532051086 0.28517264127731323 0.48683881759643555
2 0.5331192165613174 0.5176369547843933 0.3000600039958954 0.2698010206222534
2 0.07917208969593048 0.5280179232358932 0.15832465887069702 0.37930455803871155
2 0.5330944210290909 0.5392891764640808 0.2997567355632782 0.3154972791671753
2 0.533315896987915 0.4611918330192566 0.2982511520385742 0.1574876308441162
2 0.6639747470617294 0.6804917901754379 0.557355672121048 0.5039565861225128
2 0.5331778079271317 0.49398060142993927 0.29911884665489197 0.22385498881340027
