3 0.5177640318870544 0.58767069876194 0.31918394565582275 0.28601309657096863
1 0.13176579773426056 0.3837074637413025 0.12468317151069641 0.1353459358215332
1 0.04894941858947277 0.3533196449279785 0.09746641293168068 0.20591163635253906
1 0.1446920782327652 0.463527649641037 0.1532745063304901 0.29462844133377075
1 0.0503731332719326 0.431549608707428 0.10003102570772171 0.36272740364074707
3 0.5177640318870544 0.58767069876194 0.31918394565582275 0.28601309657096863
1 0.13176579773426056 0.3837074637413025 0.12468317151069641 0.1353459358215332
1 0.04894941858947277 0.3533196449279785 0.09746641293168068 0.20591163635253906
1 0.1446920782327652 0.463527649641037 0.1532745063304901 0.29462844133377075
1 0.0503731332719326 0.431549608707428 0.10003102570772171 0.36272740364074707
