4 0.508314922451973 0.7761330008506775 0.932905524969101 0.2134639024734497
1 0.7356798052787781 0.48826025426387787 0.33650362491607666 0.29384949803352356
2 0.8975885212421417 0.43009570240974426 0.20492547750473022 0.5372892022132874
1 0.10213440284132957 0.5959889888763428 0.20416677743196487 0.23901152610778809
2 0.898075520992279 0.555961549282074 0.20356225967407227 0.2840465307235718
4 0.508314922451973 0.7761330008506775 0.932905524969101 0.2134639024734497
1 0.7356798052787781 0.48826025426387787 0.33650362491607666 0.29384949803352356
2 0.8975885212421417 0.43009570240974426 0.20492547750473022 0.5372892022132874
1 0.10213440284132957 0.5959889888763428 0.20416677743196487 0.23901152610778809
2 0.898075520992279 0.555961549282074 0.20356225967407227 0.2840465307235718
