4 0.4303794205188751 0.6195634603500366 0.18628603219985962 0.2261977195739746
4 0.4894394278526306 0.539238452911377 0.15160322189331055 0.25110530853271484
8 0.9710411429405212 0.5098564624786377 0.05804121494293213 0.399310827255249
4 0.5901057124137878 0.4984651505947113 0.09593915939331055 0.26300686597824097
8 0.3657448887825012 0.5566182881593704 0.13404697179794312 0.21927306056022644
3 0.7299753427505493 0.5189589262008667 0.10216093063354492 0.2600799798965454
4 0.3741397559642792 0.5060070753097534 0.11517077684402466 0.1189497709274292
4 0.4789358824491501 0.510736271739006 0.13150611519813538 0.19355955719947815
3 0.4303551912307739 0.6193426847457886 0.18677818775177002 0.22589385509490967
4 0.3478158116340637 0.5566126704216003 0.1695559024810791 0.22017371654510498
4 0.49220316112041473 0.5399671047925949 0.15874233841896057 0.2529403269290924
4 0.4303794205188751 0.6195634603500366 0.18628603219985962 0.2261977195739746
4 0.4894394278526306 0.539238452911377 0.15160322189331055 0.25110530853271484
8 0.9710411429405212 0.5098564624786377 0.05804121494293213 0.399310827255249
4 0.5901057124137878 0.4984651505947113 0.09593915939331055 0.26300686597824097
8 0.3657448887825012 0.5566182881593704 0.13404697179794312 0.21927306056022644
3 0.7299753427505493 0.5189589262008667 0.10216093063354492 0.2600799798965454
4 0.3741397559642792 0.5060070753097534 0.11517077684402466 0.1189497709274292
4 0.4789358824491501 0.510736271739006 0.13150611519813538 0.19355955719947815
3 0.4303551912307739 0.6193426847457886 0.18677818775177002 0.22589385509490967
4 0.3478158116340637 0.5566126704216003 0.1695559024810791 0.22017371654510498
4 0.49220316112041473 0.5399671047925949 0.15874233841896057 0.2529403269290924
