2 0.6974231004714966 0.7540477514266968 0.21949493885040283 0.40372729301452637
2 0.22435160726308823 0.8082177639007568 0.39000602066516876 0.382165789604187
1 0.8336377441883087 0.49903763830661774 0.333291232585907 0.99877068400383
2 0.815531313419342 0.7045111656188965 0.10674703121185303 0.3069496154785156
2 0.7267072200775146 0.7538796663284302 0.27772533893585205 0.4063267707824707
2 0.6974231004714966 0.7540477514266968 0.21949493885040283 0.40372729301452637
2 0.22435160726308823 0.8082177639007568 0.39000602066516876 0.382165789604187
1 0.8336377441883087 0.49903763830661774 0.333291232585907 0.99877068400383
2 0.815531313419342 0.7045111656188965 0.10674703121185303 0.3069496154785156
2 0.7267072200775146 0.7538796663284302 0.27772533893585205 0.4063267707824707
