1 0.6177984327077866 0.6084771007299423 0.7643997967243195 0.7817771732807159
2 0.8771300911903381 0.4201885163784027 0.1463778018951416 0.11589628458023071
2 0.2458202764391899 0.43946826457977295 0.0418400913476944 0.08828258514404297
2 0.12650588154792786 0.39010152220726013 0.08339020609855652 0.07170826196670532
2 0.2148417830467224 0.2395412176847458 0.04850250482559204 0.0615597665309906
2 0.018466451205313206 0.10798779129981995 0.0370365958660841 0.13782688975334167
2 0.9461356401443481 0.4280205965042114 0.05731058120727539 0.08260023593902588
2 0.6429511308670044 0.4180487394332886 0.04746663570404053 0.07458698749542236
2 0.12483184039592743 0.4163234531879425 0.08877265453338623 0.12630385160446167
2 0.8302903175354004 0.43666714429855347 0.061308979988098145 0.09710156917572021
2 0.9614273905754089 0.09579262882471085 0.07700169086456299 0.18691398203372955
2 0.9618613123893738 0.07101483270525932 0.07625234127044678 0.13580814749002457
2 0.8980181813240051 0.42022672295570374 0.09315025806427002 0.11528980731964111
1 0.6177984327077866 0.6084771007299423 0.7643997967243195 0.7817771732807159
2 0.8771300911903381 0.4201885163784027 0.1463778018951416 0.11589628458023071
2 0.2458202764391899 0.43946826457977295 0.0418400913476944 0.08828258514404297
2 0.12650588154792786 0.39010152220726013 0.08339020609855652 0.07170826196670532
2 0.2148417830467224 0.2395412176847458 0.04850250482559204 0.0615597665309906
2 0.018466451205313206 0.10798779129981995 0.0370365958660841 0.13782688975334167
2 0.9461356401443481 0.4280205965042114 0.05731058120727539 0.08260023593902588
2 0.6429511308670044 0.4180487394332886 0.04746663570404053 0.07458698749542236
2 0.12483184039592743 0.4163234531879425 0.08877265453338623 0.12630385160446167
2 0.8302903175354004 0.43666714429855347 0.061308979988098145 0.09710156917572021
2 0.9614273905754089 0.09579262882471085 0.07700169086456299 0.18691398203372955
2 0.9618613123893738 0.07101483270525932 0.07625234127044678 0.13580814749002457
2 0.8980181813240051 0.42022672295570374 0.09315025806427002 0.11528980731964111
