3 0.4688708186149597 0.6075183749198914 0.37016475200653076 0.4143538475036621
1 0.8378133773803711 0.4277331233024597 0.08817505836486816 0.18605446815490723
1 0.5949310660362244 0.32012227177619934 0.22279369831085205 0.1688094139099121
1 0.5972701460123062 0.385264053940773 0.23563358187675476 0.30717775225639343
1 0.8368567824363708 0.40849483013153076 0.08020901679992676 0.14374840259552002
3 0.4688708186149597 0.6075183749198914 0.37016475200653076 0.4143538475036621
1 0.8378133773803711 0.4277331233024597 0.08817505836486816 0.18605446815490723
1 0.5949310660362244 0.32012227177619934 0.22279369831085205 0.1688094139099121
1 0.5972701460123062 0.385264053940773 0.23563358187675476 0.30717775225639343
1 0.8368567824363708 0.40849483013153076 0.08020901679992676 0.14374840259552002
