3 0.543811559677124 0.4307732433080673 0.2286127805709839 0.48349812626838684
1 0.7976093292236328 0.5176404714584351 0.37458336353302 0.40635132789611816
1 0.2537399232387543 0.346196711063385 0.2332630157470703 0.1405717134475708
3 0.5438724160194397 0.5942448973655701 0.22832894325256348 0.8089804649353027
1 0.7939491868019104 0.9251705408096313 0.32274770736694336 0.14839601516723633
1 0.8005366921424866 0.490399107336998 0.34721291065216064 0.34440281987190247
3 0.543811559677124 0.4307732433080673 0.2286127805709839 0.48349812626838684
1 0.7976093292236328 0.5176404714584351 0.37458336353302 0.40635132789611816
1 0.2537399232387543 0.346196711063385 0.2332630157470703 0.1405717134475708
3 0.5438724160194397 0.5942448973655701 0.22832894325256348 0.8089804649353027
1 0.7939491868019104 0.9251705408096313 0.32274770736694336 0.14839601516723633
1 0.8005366921424866 0.490399107336998 0.34721291065216064 0.34440281987190247
