2 0.65511454641819 0.7176352590322495 0.4159233272075653 0.5625336468219757
2 0.9128043353557587 0.7367266267538071 0.17454248666763306 0.5249476730823517
2 0.9406659603118896 0.6334403157234192 0.11890959739685059 0.412123441696167
2 0.941614031791687 0.45954078435897827 0.11686372756958008 0.0642240047454834
2 0.9134502410888672 0.6338909864425659 0.17336225509643555 0.4107431173324585
2 0.9141567647457123 0.7145126760005951 0.17266780138015747 0.5710280537605286
2 0.65511454641819 0.7176352590322495 0.4159233272075653 0.5625336468219757
2 0.9128043353557587 0.7367266267538071 0.17454248666763306 0.5249476730823517
2 0.9406659603118896 0.6334403157234192 0.11890959739685059 0.412123441696167
2 0.941614031791687 0.45954078435897827 0.11686372756958008 0.0642240047454834
2 0.9134502410888672 0.6338909864425659 0.17336225509643555 0.4107431173324585
2 0.9141567647457123 0.7145126760005951 0.17266780138015747 0.5710280537605286
