1 0.07500471919775009 0.4970095306634903 0.1499456912279129 0.2596275508403778
5 0.457919642329216 0.655706986784935 0.6434365808963776 0.3533156216144562
5 0.656445637345314 0.8904771208763123 0.4459490478038788 0.13564002513885498
1 0.6242721080780029 0.325104720890522 0.3579596281051636 0.3070329278707504
4 0.900079607963562 0.6852955222129822 0.20024347305297852 0.2627755403518677
1 0.9430750012397766 0.24266094714403152 0.11406385898590088 0.48540376126766205
4 0.6757653951644897 0.45420195162296295 0.1862947940826416 0.21754488348960876
4 0.5181952118873596 0.4471907764673233 0.13190162181854248 0.18033239245414734
4 0.9867075979709625 0.3977473974227905 0.0265921950340271 0.16208291053771973
4 0.24408772587776184 0.3641711324453354 0.19229614734649658 0.3825121223926544
4 0.05905158817768097 0.5833399891853333 0.08605770766735077 0.08647072315216064
1 0.9430225789546967 0.28692953288555145 0.11411648988723755 0.5738202631473541
4 0.9859618544578552 0.44339247047901154 0.02802753448486328 0.254490464925766
1 0.6253612190485001 0.2976776957511902 0.3551652133464813 0.25118303298950195
4 0.9006522297859192 0.43218569457530975 0.12214958667755127 0.282863050699234
4 0.8182921409606934 0.35758426785469055 0.12440896034240723 0.4154497981071472
1 0.07500471919775009 0.4970095306634903 0.1499456912279129 0.2596275508403778
5 0.457919642329216 0.655706986784935 0.6434365808963776 0.3533156216144562
5 0.656445637345314 0.8904771208763123 0.4459490478038788 0.13564002513885498
1 0.6242721080780029 0.325104720890522 0.3579596281051636 0.3070329278707504
4 0.900079607963562 0.6852955222129822 0.20024347305297852 0.2627755403518677
1 0.9430750012397766 0.24266094714403152 0.11406385898590088 0.48540376126766205
4 0.6757653951644897 0.45420195162296295 0.1862947940826416 0.21754488348960876
4 0.5181952118873596 0.4471907764673233 0.13190162181854248 0.18033239245414734
4 0.9867075979709625 0.3977473974227905 0.0265921950340271 0.16208291053771973
4 0.24408772587776184 0.3641711324453354 0.19229614734649658 0.3825121223926544
4 0.05905158817768097 0.5833399891853333 0.08605770766735077 0.08647072315216064
1 0.9430225789546967 0.28692953288555145 0.11411648988723755 0.5738202631473541
4 0.9859618544578552 0.44339247047901154 0.02802753448486328 0.254490464925766
1 0.6253612190485001 0.2976776957511902 0.3551652133464813 0.25118303298950195
4 0.9006522297859192 0.43218569457530975 0.12214958667755127 0.282863050699234
4 0.8182921409606934 0.35758426785469055 0.12440896034240723 0.4154497981071472
