2 0.06345635652542114 0.36935512721538544 0.12676027417182922 0.5067581236362457
1 0.5033918619155884 0.5794171690940857 0.49157607555389404 0.7368670701980591
1 0.8105112314224243 0.44769441336393356 0.2679257392883301 0.42931176722049713
1 0.3570333421230316 0.4460711255669594 0.14659923315048218 0.4641876667737961
1 0.370665967464447 0.35831522196531296 0.11065012216567993 0.2877020984888077
2 0.06345635652542114 0.36935512721538544 0.12676027417182922 0.5067581236362457
1 0.5033918619155884 0.5794171690940857 0.49157607555389404 0.7368670701980591
1 0.8105112314224243 0.44769441336393356 0.2679257392883301 0.42931176722049713
1 0.3570333421230316 0.4460711255669594 0.14659923315048218 0.4641876667737961
1 0.370665967464447 0.35831522196531296 0.11065012216567993 0.2877020984888077
