4 0.5000264942646027 0.7886657118797302 0.9999999403953552 0.21424293518066406
1 0.4398578330874443 0.5313224196434021 0.45769645273685455 0.33196794986724854
3 0.8431171774864197 0.39218705892562866 0.141778826713562 0.10717087984085083
3 0.8423169851303101 0.4166485071182251 0.14093196392059326 0.15585029125213623
3 0.8620614409446716 0.40820834040641785 0.05109584331512451 0.07469022274017334
1 0.7536134719848633 0.6272587180137634 0.16616606712341309 0.19885730743408203
1 0.9437745809555054 0.5800005197525024 0.11228573322296143 0.3237631320953369
4 0.5000264942646027 0.7886657118797302 0.9999999403953552 0.21424293518066406
1 0.4398578330874443 0.5313224196434021 0.45769645273685455 0.33196794986724854
3 0.8431171774864197 0.39218705892562866 0.141778826713562 0.10717087984085083
3 0.8423169851303101 0.4166485071182251 0.14093196392059326 0.15585029125213623
3 0.8620614409446716 0.40820834040641785 0.05109584331512451 0.07469022274017334
1 0.7536134719848633 0.6272587180137634 0.16616606712341309 0.19885730743408203
1 0.9437745809555054 0.5800005197525024 0.11228573322296143 0.3237631320953369
