3 0.10265618190169334 0.6915269494056702 0.20545131713151932 0.6159253120422363
1 0.4113480746746063 0.556136965751648 0.113833487033844 0.16745519638061523
1 0.7521873712539673 0.5989000797271729 0.22757983207702637 0.361639142036438
1 0.9253707528114319 0.6064171195030212 0.14943969249725342 0.3473656177520752
1 0.8761982321739197 0.6074146777391434 0.2479161024093628 0.35017260909080505
1 0.3265593945980072 0.5410567671060562 0.05971336364746094 0.16518518328666687
3 0.10265618190169334 0.6915269494056702 0.20545131713151932 0.6159253120422363
1 0.4113480746746063 0.556136965751648 0.113833487033844 0.16745519638061523
1 0.7521873712539673 0.5989000797271729 0.22757983207702637 0.361639142036438
1 0.9253707528114319 0.6064171195030212 0.14943969249725342 0.3473656177520752
1 0.8761982321739197 0.6074146777391434 0.2479161024093628 0.35017260909080505
1 0.3265593945980072 0.5410567671060562 0.05971336364746094 0.16518518328666687
