2 0.8714867532253265 0.6476937532424927 0.2573562264442444 0.6257954835891724
4 0.3744563013315201 0.6558986306190491 0.40900298953056335 0.08543074131011963
4 0.400452122092247 0.7945166230201721 0.6256814301013947 0.17195141315460205
4 0.3060538172721863 0.7245967984199524 0.5129520893096924 0.1321578025817871
4 0.15260769426822662 0.9139121770858765 0.3054352104663849 0.17108488082885742
2 0.0923210121691227 0.2961958348751068 0.1851341649889946 0.3354606628417969
2 0.465098112821579 0.49015679955482483 0.05690574645996094 0.07844525575637817
4 0.3291986435651779 0.6966806650161743 0.4621240198612213 0.08322429656982422
2 0.8714867532253265 0.6476937532424927 0.2573562264442444 0.6257954835891724
4 0.3744563013315201 0.6558986306190491 0.40900298953056335 0.08543074131011963
4 0.400452122092247 0.7945166230201721 0.6256814301013947 0.17195141315460205
4 0.3060538172721863 0.7245967984199524 0.5129520893096924 0.1321578025817871
4 0.15260769426822662 0.9139121770858765 0.3054352104663849 0.17108488082885742
2 0.0923210121691227 0.2961958348751068 0.1851341649889946 0.3354606628417969
2 0.465098112821579 0.49015679955482483 0.05690574645996094 0.07844525575637817
4 0.3291986435651779 0.6966806650161743 0.4621240198612213 0.08322429656982422
