2 0.08265320584177971 0.8198550939559937 0.16550252586603165 0.35922253131866455
1 0.504197433590889 0.698240265250206 0.4847446382045746 0.6013238728046417
2 0.7284582257270813 0.4895419180393219 0.3367161750793457 0.4529682993888855
2 0.8989008069038391 0.5141476392745972 0.20227587223052979 0.6264832019805908
1 0.24756376445293427 0.6465546637773514 0.37833014130592346 0.5276676118373871
2 0.9545297622680664 0.7448821663856506 0.09104132652282715 0.5100120306015015
1 0.05309823155403137 0.5366207957267761 0.10597902536392212 0.27497124671936035
2 0.9155513048171997 0.6343847513198853 0.16753244400024414 0.38461732864379883
2 0.8990928530693054 0.5992644280195236 0.20221436023712158 0.8001984655857086
1 0.2985527813434601 0.6482104808092117 0.4812822937965393 0.5239530503749847
2 0.10384135693311691 0.8192321062088013 0.20803572237491608 0.36051619052886963
2 0.08265320584177971 0.8198550939559937 0.16550252586603165 0.35922253131866455
1 0.504197433590889 0.698240265250206 0.4847446382045746 0.6013238728046417
2 0.7284582257270813 0.4895419180393219 0.3367161750793457 0.4529682993888855
2 0.8989008069038391 0.5141476392745972 0.20227587223052979 0.6264832019805908
1 0.24756376445293427 0.6465546637773514 0.37833014130592346 0.5276676118373871
2 0.9545297622680664 0.7448821663856506 0.09104132652282715 0.5100120306015015
1 0.05309823155403137 0.5366207957267761 0.10597902536392212 0.27497124671936035
2 0.9155513048171997 0.6343847513198853 0.16753244400024414 0.38461732864379883
2 0.8990928530693054 0.5992644280195236 0.20221436023712158 0.8001984655857086
1 0.2985527813434601 0.6482104808092117 0.4812822937965393 0.5239530503749847
2 0.10384135693311691 0.8192321062088013 0.20803572237491608 0.36051619052886963
