1 0.5302384495735168 0.5512691140174866 0.42771077156066895 0.6100162267684937
1 0.9218087196350098 0.3930864632129669 0.09449386596679688 0.1265316605567932
1 0.32006508111953735 0.06756613031029701 0.12362325191497803 0.13536398857831955
2 0.8965586423873901 0.7559992671012878 0.20675253868103027 0.48748600482940674
2 0.8792043328285217 0.7555155754089355 0.2412933111190796 0.48752832412719727
2 0.9057847261428833 0.5660760998725891 0.14096415042877197 0.10800623893737793
2 0.9096698760986328 0.7561778426170349 0.1781388521194458 0.4872952699661255
1 0.5302384495735168 0.5512691140174866 0.42771077156066895 0.6100162267684937
1 0.9218087196350098 0.3930864632129669 0.09449386596679688 0.1265316605567932
1 0.32006508111953735 0.06756613031029701 0.12362325191497803 0.13536398857831955
2 0.8965586423873901 0.7559992671012878 0.20675253868103027 0.48748600482940674
2 0.8792043328285217 0.7555155754089355 0.2412933111190796 0.48752832412719727
2 0.9057847261428833 0.5660760998725891 0.14096415042877197 0.10800623893737793
2 0.9096698760986328 0.7561778426170349 0.1781388521194458 0.4872952699661255
