2 0.27238690853118896 0.5076456815004349 0.36188459396362305 0.41508278250694275
3 0.27119138836860657 0.5937653630971909 0.20062142610549927 0.24352195858955383
3 0.9117827415466309 0.5561321377754211 0.11534786224365234 0.36237406730651855
4 0.5111744552850723 0.7390004992485046 0.690608948469162 0.17037701606750488
4 0.9587310552597046 0.6193084716796875 0.08121180534362793 0.29108309745788574
4 0.5395189523696899 0.11946259066462517 0.03939831256866455 0.23817405849695206
4 0.1323385015130043 0.9330463409423828 0.26375119388103485 0.13219356536865234
2 0.27238690853118896 0.5076456815004349 0.36188459396362305 0.41508278250694275
3 0.27119138836860657 0.5937653630971909 0.20062142610549927 0.24352195858955383
3 0.9117827415466309 0.5561321377754211 0.11534786224365234 0.36237406730651855
4 0.5111744552850723 0.7390004992485046 0.690608948469162 0.17037701606750488
4 0.9587310552597046 0.6193084716796875 0.08121180534362793 0.29108309745788574
4 0.5395189523696899 0.11946259066462517 0.03939831256866455 0.23817405849695206
4 0.1323385015130043 0.9330463409423828 0.26375119388103485 0.13219356536865234
