4 0.5108904242515564 0.5137079954147339 0.34664011001586914 0.6271892786026001
5 0.8387491703033447 0.31764986366033554 0.08965146541595459 0.22196252644062042
5 0.21488797664642334 0.08724548295140266 0.42812615633010864 0.17468132823705673
5 0.20465609431266785 0.34275972843170166 0.40804624557495117 0.21486276388168335
5 0.8778467774391174 0.6123318076133728 0.24344897270202637 0.1897486448287964
5 0.34665846824645996 0.08516351133584976 0.04367464780807495 0.16997967660427094
5 0.8759769797325134 0.08350483328104019 0.2478647232055664 0.16728384792804718
5 0.40272241830825806 0.0859839990735054 0.04563617706298828 0.1715141385793686
4 0.5108904242515564 0.5137079954147339 0.34664011001586914 0.6271892786026001
5 0.8387491703033447 0.31764986366033554 0.08965146541595459 0.22196252644062042
5 0.21488797664642334 0.08724548295140266 0.42812615633010864 0.17468132823705673
5 0.20465609431266785 0.34275972843170166 0.40804624557495117 0.21486276388168335
5 0.8778467774391174 0.6123318076133728 0.24344897270202637 0.1897486448287964
5 0.34665846824645996 0.08516351133584976 0.04367464780807495 0.16997967660427094
5 0.8759769797325134 0.08350483328104019 0.2478647232055664 0.16728384792804718
5 0.40272241830825806 0.0859839990735054 0.04563617706298828 0.1715141385793686
