3 0.24869563430547714 0.5294644832611084 0.10891272127628326 0.0869603157043457
1 0.1063615046441555 0.7796273827552795 0.21216315776109695 0.2490769624710083
3 0.5038015395402908 0.8236578702926636 0.1985972821712494 0.18139374256134033
1 0.10592138394713402 0.8107216358184814 0.21144533902406693 0.18795430660247803
3 0.26108361035585403 0.42335399985313416 0.25266991555690765 0.2850438952445984
1 0.10654614493250847 0.728153645992279 0.21232227236032486 0.14509761333465576
3 0.24869563430547714 0.5294644832611084 0.10891272127628326 0.0869603157043457
1 0.1063615046441555 0.7796273827552795 0.21216315776109695 0.2490769624710083
3 0.5038015395402908 0.8236578702926636 0.1985972821712494 0.18139374256134033
1 0.10592138394713402 0.8107216358184814 0.21144533902406693 0.18795430660247803
3 0.26108361035585403 0.42335399985313416 0.25266991555690765 0.2850438952445984
1 0.10654614493250847 0.728153645992279 0.21232227236032486 0.14509761333465576
