2 0.5097043514251709 0.6450297236442566 0.2830289602279663 0.4450608491897583
5 0.1050448939204216 0.2997363731265068 0.20983199775218964 0.10832132399082184
5 0.1071709394454956 0.4472050964832306 0.21403110027313232 0.11662870645523071
5 0.8983550369739532 0.02616050560027361 0.20338624715805054 0.0524433609098196
5 0.8912644982337952 0.4438928812742233 0.21751439571380615 0.11612418293952942
5 0.8903351426124573 0.14881247654557228 0.21906793117523193 0.11308007687330246
5 0.10558514669537544 0.6459336280822754 0.21095117181539536 0.1259932518005371
5 0.8912108540534973 0.6252788305282593 0.21741604804992676 0.12381362915039062
5 0.10829541832208633 0.030077647417783737 0.21663154661655426 0.06008852273225784
5 0.10819891467690468 0.1551593691110611 0.21585636585950851 0.11139872670173645
5 0.8896735906600952 0.29599276185035706 0.22047340869903564 0.11283284425735474
2 0.5097043514251709 0.6450297236442566 0.2830289602279663 0.4450608491897583
5 0.1050448939204216 0.2997363731265068 0.20983199775218964 0.10832132399082184
5 0.1071709394454956 0.4472050964832306 0.21403110027313232 0.11662870645523071
5 0.8983550369739532 0.02616050560027361 0.20338624715805054 0.0524433609098196
5 0.8912644982337952 0.4438928812742233 0.21751439571380615 0.11612418293952942
5 0.8903351426124573 0.14881247654557228 0.21906793117523193 0.11308007687330246
5 0.10558514669537544 0.6459336280822754 0.21095117181539536 0.1259932518005371
5 0.8912108540534973 0.6252788305282593 0.21741604804992676 0.12381362915039062
5 0.10829541832208633 0.030077647417783737 0.21663154661655426 0.06008852273225784
5 0.10819891467690468 0.1551593691110611 0.21585636585950851 0.11139872670173645
5 0.8896735906600952 0.29599276185035706 0.22047340869903564 0.11283284425735474
