5 0.4544684737920761 0.5890626311302185 0.47607138752937317 0.4687924385070801
5 0.908653974533081 0.6256736516952515 0.1824653148651123 0.19573533535003662
5 0.8517472147941589 0.5663936287164688 0.19132208824157715 0.27331778407096863
2 0.30131344497203827 0.33882206678390503 0.4309965670108795 0.5075746774673462
2 0.26487897336483 0.2975876182317734 0.5296769440174103 0.593178778886795
2 0.21437611430883408 0.34072770178318024 0.25112803280353546 0.5019356906414032
5 0.9080639779567719 0.6481441259384155 0.18387728929519653 0.24145030975341797
2 0.3029850199818611 0.29807794094085693 0.44172726571559906 0.5922058820724487
2 0.8368639647960663 0.42245741188526154 0.326590359210968 0.5625453889369965
5 0.4544684737920761 0.5890626311302185 0.47607138752937317 0.4687924385070801
5 0.908653974533081 0.6256736516952515 0.1824653148651123 0.19573533535003662
5 0.8517472147941589 0.5663936287164688 0.19132208824157715 0.27331778407096863
2 0.30131344497203827 0.33882206678390503 0.4309965670108795 0.5075746774673462
2 0.26487897336483 0.2975876182317734 0.5296769440174103 0.593178778886795
2 0.21437611430883408 0.34072770178318024 0.25112803280353546 0.5019356906414032
5 0.9080639779567719 0.6481441259384155 0.18387728929519653 0.24145030975341797
2 0.3029850199818611 0.29807794094085693 0.44172726571559906 0.5922058820724487
2 0.8368639647960663 0.42245741188526154 0.326590359210968 0.5625453889369965
