2 0.08862384036183357 0.5284271240234375 0.1770714744925499 0.282809853553772
5 0.26017774641513824 0.7730560898780823 0.5207204520702362 0.21888864040374756
5 0.5191094279289246 0.5143306255340576 0.4513176679611206 0.35670971870422363
2 0.8599536418914795 0.5380942970514297 0.15817511081695557 0.2811717689037323
1 0.8936837017536163 0.4615648090839386 0.21316784620285034 0.4100181460380554
5 0.2831231504678726 0.8263753652572632 0.5671553313732147 0.2074267864227295
1 0.9204084277153015 0.3333033621311188 0.1590195894241333 0.15199953317642212
1 0.91927170753479 0.3692232668399811 0.1613384485244751 0.2250421643257141
2 0.26761648058891296 0.40052321553230286 0.058084845542907715 0.07880592346191406
2 0.08862384036183357 0.5284271240234375 0.1770714744925499 0.282809853553772
5 0.26017774641513824 0.7730560898780823 0.5207204520702362 0.21888864040374756
5 0.5191094279289246 0.5143306255340576 0.4513176679611206 0.35670971870422363
2 0.8599536418914795 0.5380942970514297 0.15817511081695557 0.2811717689037323
1 0.8936837017536163 0.4615648090839386 0.21316784620285034 0.4100181460380554
5 0.2831231504678726 0.8263753652572632 0.5671553313732147 0.2074267864227295
1 0.9204084277153015 0.3333033621311188 0.1590195894241333 0.15199953317642212
1 0.91927170753479 0.3692232668399811 0.1613384485244751 0.2250421643257141
2 0.26761648058891296 0.40052321553230286 0.058084845542907715 0.07880592346191406
