4 0.46874789893627167 0.6492927670478821 0.1870148479938507 0.26030147075653076
1 0.30456333607435226 0.4594121128320694 0.1517433077096939 0.17162105441093445
1 0.6806079745292664 0.432862788438797 0.04694545269012451 0.07924050092697144
1 0.539434552192688 0.42781201004981995 0.047556519508361816 0.08371061086654663
4 0.5423576235771179 0.4499114453792572 0.03250396251678467 0.03865569829940796
4 0.8789207935333252 0.5371845364570618 0.056548118591308594 0.06461632251739502
4 0.9612275958061218 0.5076833516359329 0.07746446132659912 0.1095629632472992
4 0.8105208277702332 0.5231620073318481 0.052593350410461426 0.08731412887573242
4 0.46874789893627167 0.6492927670478821 0.1870148479938507 0.26030147075653076
1 0.30456333607435226 0.4594121128320694 0.1517433077096939 0.17162105441093445
1 0.6806079745292664 0.432862788438797 0.04694545269012451 0.07924050092697144
1 0.539434552192688 0.42781201004981995 0.047556519508361816 0.08371061086654663
4 0.5423576235771179 0.4499114453792572 0.03250396251678467 0.03865569829940796
4 0.8789207935333252 0.5371845364570618 0.056548118591308594 0.06461632251739502
4 0.9612275958061218 0.5076833516359329 0.07746446132659912 0.1095629632472992
4 0.8105208277702332 0.5231620073318481 0.052593350410461426 0.08731412887573242
