2 0.48965781927108765 0.5886263847351074 0.7658885717391968 0.8225802183151245
2 0.14333762228488922 0.5706889778375626 0.28686055541038513 0.592659205198288
1 0.9074962139129639 0.6921233534812927 0.1851959228515625 0.44389843940734863
1 0.7306008338928223 0.7977924942970276 0.22132647037506104 0.20769762992858887
1 0.7803885340690613 0.7435023188591003 0.3207801580429077 0.3200078010559082
1 0.954619824886322 0.692223310470581 0.09057021141052246 0.4445241689682007
2 0.48965781927108765 0.5886263847351074 0.7658885717391968 0.8225802183151245
2 0.14333762228488922 0.5706889778375626 0.28686055541038513 0.592659205198288
1 0.9074962139129639 0.6921233534812927 0.1851959228515625 0.44389843940734863
1 0.7306008338928223 0.7977924942970276 0.22132647037506104 0.20769762992858887
1 0.7803885340690613 0.7435023188591003 0.3207801580429077 0.3200078010559082
1 0.954619824886322 0.692223310470581 0.09057021141052246 0.4445241689682007
