4 0.5569299012422562 0.7557052373886108 0.7683440148830414 0.1861037015914917
4 0.10433002933859825 0.6470972895622253 0.20902443677186966 0.07845079898834229
1 0.9144048094749451 0.5412543416023254 0.1710200309753418 0.21102845668792725
1 0.6315377950668335 0.46235406398773193 0.14705955982208252 0.16303932666778564
1 0.45407378673553467 0.5129621773958206 0.2427387237548828 0.23661956191062927
1 0.9549146294593811 0.5398999452590942 0.09032547473907471 0.20810067653656006
1 0.6361808180809021 0.5081718564033508 0.1581815481185913 0.25434279441833496
4 0.5569299012422562 0.7557052373886108 0.7683440148830414 0.1861037015914917
4 0.10433002933859825 0.6470972895622253 0.20902443677186966 0.07845079898834229
1 0.9144048094749451 0.5412543416023254 0.1710200309753418 0.21102845668792725
1 0.6315377950668335 0.46235406398773193 0.14705955982208252 0.16303932666778564
1 0.45407378673553467 0.5129621773958206 0.2427387237548828 0.23661956191062927
1 0.9549146294593811 0.5398999452590942 0.09032547473907471 0.20810067653656006
1 0.6361808180809021 0.5081718564033508 0.1581815481185913 0.25434279441833496
