2 0.3312883824110031 0.7006847709417343 0.6621054708957672 0.5963130295276642
5 0.8253475427627563 0.5358026027679443 0.34911513328552246 0.10112154483795166
5 0.7849408388137817 0.6275912970304489 0.4303712844848633 0.7436503469944
5 0.7261934280395508 0.7903199195861816 0.39434611797332764 0.0752331018447876
5 0.8169443607330322 0.35872238874435425 0.36581897735595703 0.05906879901885986
2 0.3312883824110031 0.7006847709417343 0.6621054708957672 0.5963130295276642
5 0.8253475427627563 0.5358026027679443 0.34911513328552246 0.10112154483795166
5 0.7849408388137817 0.6275912970304489 0.4303712844848633 0.7436503469944
5 0.7261934280395508 0.7903199195861816 0.39434611797332764 0.0752331018447876
5 0.8169443607330322 0.35872238874435425 0.36581897735595703 0.05906879901885986
