1 0.5393521785736084 0.6109657883644104 0.3687657117843628 0.5134960412979126
1 0.10797135904431343 0.6499285101890564 0.21580525487661362 0.49759602546691895
2 0.5956082940101624 0.385362446308136 0.08425962924957275 0.15716314315795898
2 0.16597102582454681 0.2355232685804367 0.33221563696861267 0.4317789375782013
2 0.16591139882802963 0.3793025463819504 0.3319717198610306 0.7188266813755035
2 0.323407918214798 0.41718706488609314 0.13796168565750122 0.14157795906066895
1 0.5393521785736084 0.6109657883644104 0.3687657117843628 0.5134960412979126
1 0.10797135904431343 0.6499285101890564 0.21580525487661362 0.49759602546691895
2 0.5956082940101624 0.385362446308136 0.08425962924957275 0.15716314315795898
2 0.16597102582454681 0.2355232685804367 0.33221563696861267 0.4317789375782013
2 0.16591139882802963 0.3793025463819504 0.3319717198610306 0.7188266813755035
2 0.323407918214798 0.41718706488609314 0.13796168565750122 0.14157795906066895
