1 0.8527979850769043 0.6504384279251099 0.2941397428512573 0.354451060295105
3 0.44134438037872314 0.7504254579544067 0.23568439483642578 0.39865148067474365
2 0.7023731470108032 0.4429590702056885 0.09453415870666504 0.1607985496520996
2 0.6160531640052795 0.4702826291322708 0.07629024982452393 0.10979613661766052
2 0.6304327845573425 0.49345843493938446 0.04079258441925049 0.06008365750312805
3 0.6913173198699951 0.5045692920684814 0.025221943855285645 0.037633657455444336
3 0.6300432682037354 0.5038833171129227 0.037922024726867676 0.03837046027183533
1 0.647263765335083 0.6949411630630493 0.1999044418334961 0.28926730155944824
3 0.9849622249603271 0.7956026792526245 0.030116558074951172 0.24283850193023682
1 0.20577850192785263 0.701192319393158 0.4112245589494705 0.4158581495285034
2 0.9848863780498505 0.74260413646698 0.030276119709014893 0.357421875
1 0.8527979850769043 0.6504384279251099 0.2941397428512573 0.354451060295105
3 0.44134438037872314 0.7504254579544067 0.23568439483642578 0.39865148067474365
2 0.7023731470108032 0.4429590702056885 0.09453415870666504 0.1607985496520996
2 0.6160531640052795 0.4702826291322708 0.07629024982452393 0.10979613661766052
2 0.6304327845573425 0.49345843493938446 0.04079258441925049 0.06008365750312805
3 0.6913173198699951 0.5045692920684814 0.025221943855285645 0.037633657455444336
3 0.6300432682037354 0.5038833171129227 0.037922024726867676 0.03837046027183533
1 0.647263765335083 0.6949411630630493 0.1999044418334961 0.28926730155944824
3 0.9849622249603271 0.7956026792526245 0.030116558074951172 0.24283850193023682
1 0.20577850192785263 0.701192319393158 0.4112245589494705 0.4158581495285034
2 0.9848863780498505 0.74260413646698 0.030276119709014893 0.357421875
