3 0.5490421652793884 0.6936681866645813 0.28884410858154297 0.23422634601593018
2 0.19476330280303955 0.584328904747963 0.38915228843688965 0.3111207187175751
1 0.647027313709259 0.3817172050476074 0.21772098541259766 0.234086811542511
1 0.40742945671081543 0.39235493540763855 0.10054224729537964 0.18285596370697021
1 0.9239218235015869 0.4896334111690521 0.15196335315704346 0.4542441964149475
1 0.7313572764396667 0.43508440256118774 0.061370849609375 0.16748929023742676
2 0.1967809870839119 0.7138287425041199 0.39315198361873627 0.569111704826355
1 0.9236564040184021 0.45464088022708893 0.152429461479187 0.5303489863872528
1 0.40807029604911804 0.411588579416275 0.10772764682769775 0.2229495644569397
3 0.5490421652793884 0.6936681866645813 0.28884410858154297 0.23422634601593018
2 0.19476330280303955 0.584328904747963 0.38915228843688965 0.3111207187175751
1 0.647027313709259 0.3817172050476074 0.21772098541259766 0.234086811542511
1 0.40742945671081543 0.39235493540763855 0.10054224729537964 0.18285596370697021
1 0.9239218235015869 0.4896334111690521 0.15196335315704346 0.4542441964149475
1 0.7313572764396667 0.43508440256118774 0.061370849609375 0.16748929023742676
2 0.1967809870839119 0.7138287425041199 0.39315198361873627 0.569111704826355
1 0.9236564040184021 0.45464088022708893 0.152429461479187 0.5303489863872528
1 0.40807029604911804 0.411588579416275 0.10772764682769775 0.2229495644569397
