1 0.10993655025959015 0.4770132303237915 0.2196582555770874 0.9533494710922241
1 0.4851061552762985 0.5867415815591812 0.5809377729892731 0.6903302371501923
1 0.8948906064033508 0.6074456721544266 0.2101377248764038 0.6291089951992035
1 0.8948515951633453 0.46305254101753235 0.2103554606437683 0.9246607422828674
1 0.8947452306747437 0.5549548864364624 0.21042513847351074 0.7415742874145508
1 0.10993655025959015 0.4770132303237915 0.2196582555770874 0.9533494710922241
1 0.4851061552762985 0.5867415815591812 0.5809377729892731 0.6903302371501923
1 0.8948906064033508 0.6074456721544266 0.2101377248764038 0.6291089951992035
1 0.8948515951633453 0.46305254101753235 0.2103554606437683 0.9246607422828674
1 0.8947452306747437 0.5549548864364624 0.21042513847351074 0.7415742874145508
