2 0.10209301114082336 0.47016507387161255 0.1207389235496521 0.14222359657287598
2 0.38837796449661255 0.4170152395963669 0.19308865070343018 0.2253226339817047
2 0.6516154408454895 0.5986684560775757 0.6968744993209839 0.8025780916213989
2 0.24644537270069122 0.4662376642227173 0.14258691668510437 0.19165539741516113
2 0.2469739317893982 0.4965713620185852 0.1413760781288147 0.13055002689361572
2 0.10209301114082336 0.47016507387161255 0.1207389235496521 0.14222359657287598
2 0.38837796449661255 0.4170152395963669 0.19308865070343018 0.2253226339817047
2 0.6516154408454895 0.5986684560775757 0.6968744993209839 0.8025780916213989
2 0.24644537270069122 0.4662376642227173 0.14258691668510437 0.19165539741516113
2 0.2469739317893982 0.4965713620185852 0.1413760781288147 0.13055002689361572
