5 0.5074169635772705 0.8760318756103516 0.4603956937789917 0.1676638126373291
1 0.9133670926094055 0.44236043095588684 0.17302179336547852 0.5652437806129456
1 0.14549727737903595 0.5368001461029053 0.2906900942325592 0.5767416954040527
1 0.25545158237218857 0.5671587586402893 0.15846605598926544 0.33203375339508057
9 0.8101789951324463 0.5103462189435959 0.0978841781616211 0.16840341687202454
5 0.5074169635772705 0.8760318756103516 0.4603956937789917 0.1676638126373291
1 0.9133670926094055 0.44236043095588684 0.17302179336547852 0.5652437806129456
1 0.14549727737903595 0.5368001461029053 0.2906900942325592 0.5767416954040527
1 0.25545158237218857 0.5671587586402893 0.15846605598926544 0.33203375339508057
9 0.8101789951324463 0.5103462189435959 0.0978841781616211 0.16840341687202454
