2 0.037614984437823296 0.424935057759285 0.07502705231308937 0.1918104588985443
3 0.021330365911126137 0.4710996747016907 0.042668599635362625 0.10025942325592041
1 0.549786165356636 0.6372843384742737 0.6422792375087738 0.6270053386688232
1 0.9355994462966919 0.6498642563819885 0.12837302684783936 0.3165842294692993
1 0.5787245035171509 0.5219240784645081 0.5793970823287964 0.3945913314819336
1 0.5790469646453857 0.6331952959299088 0.5790669918060303 0.6180519759654999
2 0.037614984437823296 0.424935057759285 0.07502705231308937 0.1918104588985443
3 0.021330365911126137 0.4710996747016907 0.042668599635362625 0.10025942325592041
1 0.549786165356636 0.6372843384742737 0.6422792375087738 0.6270053386688232
1 0.9355994462966919 0.6498642563819885 0.12837302684783936 0.3165842294692993
1 0.5787245035171509 0.5219240784645081 0.5793970823287964 0.3945913314819336
1 0.5790469646453857 0.6331952959299088 0.5790669918060303 0.6180519759654999
