1 0.5113876909017563 0.5218620449304581 0.6056113541126251 0.7367217242717743
1 0.8587742447853088 0.3537273705005646 0.28218674659729004 0.6085997223854065
5 0.9093984961509705 0.8437880277633667 0.18099689483642578 0.10692489147186279
5 0.849418044090271 0.7481798529624939 0.3013033866882324 0.062360286712646484
5 0.12139815837144852 0.9479883909225464 0.24270112812519073 0.1025000810623169
5 0.1598988175392151 0.816186785697937 0.31958669424057007 0.09566402435302734
5 0.9394875168800354 0.7837013006210327 0.12101030349731445 0.05657088756561279
5 0.29449860006570816 0.7323130369186401 0.1721833199262619 0.045496344566345215
5 0.042362432926893234 0.7602381110191345 0.08464834839105606 0.057576775550842285
5 0.7274371981620789 0.7004116177558899 0.17360937595367432 0.053285956382751465
5 0.8997442722320557 0.9589408040046692 0.20028138160705566 0.08067846298217773
5 0.9185432195663452 0.705166220664978 0.16287147998809814 0.03469431400299072
5 0.7225414514541626 0.6502047181129456 0.15500199794769287 0.0501323938369751
5 0.15611199289560318 0.8293285965919495 0.3120186775922775 0.06831800937652588
1 0.5113876909017563 0.5218620449304581 0.6056113541126251 0.7367217242717743
1 0.8587742447853088 0.3537273705005646 0.28218674659729004 0.6085997223854065
5 0.9093984961509705 0.8437880277633667 0.18099689483642578 0.10692489147186279
5 0.849418044090271 0.7481798529624939 0.3013033866882324 0.062360286712646484
5 0.12139815837144852 0.9479883909225464 0.24270112812519073 0.1025000810623169
5 0.1598988175392151 0.816186785697937 0.31958669424057007 0.09566402435302734
5 0.9394875168800354 0.7837013006210327 0.12101030349731445 0.05657088756561279
5 0.29449860006570816 0.7323130369186401 0.1721833199262619 0.045496344566345215
5 0.042362432926893234 0.7602381110191345 0.08464834839105606 0.057576775550842285
5 0.7274371981620789 0.7004116177558899 0.17360937595367432 0.053285956382751465
5 0.8997442722320557 0.9589408040046692 0.20028138160705566 0.08067846298217773
5 0.9185432195663452 0.705166220664978 0.16287147998809814 0.03469431400299072
5 0.7225414514541626 0.6502047181129456 0.15500199794769287 0.0501323938369751
5 0.15611199289560318 0.8293285965919495 0.3120186775922775 0.06831800937652588
