5 0.9255502223968506 0.36260709166526794 0.14888763427734375 0.2566993832588196
4 0.1272866055369377 0.47704271972179413 0.2543887048959732 0.1612204611301422
4 0.5087631344795227 0.6378122717142105 0.9632385969161987 0.34041640162467957
5 0.10090727731585503 0.19946294650435448 0.20150176435709 0.19984472543001175
2 0.9496952891349792 0.08045520260930061 0.10049796104431152 0.16137894243001938
4 0.8544567823410034 0.5036929398775101 0.29095423221588135 0.11058339476585388
5 0.5809248089790344 0.2009538859128952 0.13261151313781738 0.11753097176551819
5 0.9255502223968506 0.36260709166526794 0.14888763427734375 0.2566993832588196
4 0.1272866055369377 0.47704271972179413 0.2543887048959732 0.1612204611301422
4 0.5087631344795227 0.6378122717142105 0.9632385969161987 0.34041640162467957
5 0.10090727731585503 0.19946294650435448 0.20150176435709 0.19984472543001175
2 0.9496952891349792 0.08045520260930061 0.10049796104431152 0.16137894243001938
4 0.8544567823410034 0.5036929398775101 0.29095423221588135 0.11058339476585388
5 0.5809248089790344 0.2009538859128952 0.13261151313781738 0.11753097176551819
