2 0.6180586069822311 0.6743534654378891 0.6952599585056305 0.648377925157547
1 0.05423378385603428 0.456638902425766 0.10857094451785088 0.3791338801383972
1 0.07768886908888817 0.1390383541584015 0.15573126822710037 0.19577696919441223
1 0.09937434270977974 0.14003606140613556 0.19859614223241806 0.1977582573890686
2 0.9465850293636322 0.6234740018844604 0.10708028078079224 0.4024406671524048
1 0.138153538107872 0.16040566936135292 0.12192124128341675 0.15889184921979904
2 0.6180586069822311 0.6743534654378891 0.6952599585056305 0.648377925157547
1 0.05423378385603428 0.456638902425766 0.10857094451785088 0.3791338801383972
1 0.07768886908888817 0.1390383541584015 0.15573126822710037 0.19577696919441223
1 0.09937434270977974 0.14003606140613556 0.19859614223241806 0.1977582573890686
2 0.9465850293636322 0.6234740018844604 0.10708028078079224 0.4024406671524048
1 0.138153538107872 0.16040566936135292 0.12192124128341675 0.15889184921979904
