3 0.4807073622941971 0.7582541108131409 0.15372058749198914 0.2286447286605835
1 0.7971374988555908 0.6784194111824036 0.22043871879577637 0.18954837322235107
1 0.11277858540415764 0.6753395795822144 0.19796989113092422 0.1849677562713623
1 0.08581153303384781 0.6712009906768799 0.1437513679265976 0.1759728193283081
1 0.8775346279144287 0.7819334864616394 0.2449047565460205 0.37324023246765137
3 0.480418860912323 0.933251142501831 0.14004623889923096 0.13335788249969482
1 0.93986377120018 0.780489981174469 0.12044817209243774 0.36985957622528076
1 0.9416223466396332 0.7403340339660645 0.11687642335891724 0.28672730922698975
1 0.8781121373176575 0.7439988851547241 0.2436075210571289 0.294447660446167
1 0.7966353893280029 0.711311399936676 0.22319650650024414 0.2576557397842407
3 0.4807073622941971 0.7582541108131409 0.15372058749198914 0.2286447286605835
1 0.7971374988555908 0.6784194111824036 0.22043871879577637 0.18954837322235107
1 0.11277858540415764 0.6753395795822144 0.19796989113092422 0.1849677562713623
1 0.08581153303384781 0.6712009906768799 0.1437513679265976 0.1759728193283081
1 0.8775346279144287 0.7819334864616394 0.2449047565460205 0.37324023246765137
3 0.480418860912323 0.933251142501831 0.14004623889923096 0.13335788249969482
1 0.93986377120018 0.780489981174469 0.12044817209243774 0.36985957622528076
1 0.9416223466396332 0.7403340339660645 0.11687642335891724 0.28672730922698975
1 0.8781121373176575 0.7439988851547241 0.2436075210571289 0.294447660446167
1 0.7966353893280029 0.711311399936676 0.22319650650024414 0.2576557397842407
