5 0.5176231861114502 0.6036406755447388 0.24528205394744873 0.376625657081604
5 0.5055492520332336 0.1513652503490448 0.7052842378616333 0.18290412425994873
5 0.5020487904548645 0.39304935932159424 0.7040426731109619 0.24627459049224854
5 0.5000227242708206 0.43290530145168304 0.9992505013942719 0.8647697269916534
5 0.052750738337635994 0.33363768458366394 0.10446366295218468 0.20957088470458984
5 0.5038670897483826 0.01668798178434372 0.685038685798645 0.03378220647573471
5 0.5176231861114502 0.6036406755447388 0.24528205394744873 0.376625657081604
5 0.5055492520332336 0.1513652503490448 0.7052842378616333 0.18290412425994873
5 0.5020487904548645 0.39304935932159424 0.7040426731109619 0.24627459049224854
5 0.5000227242708206 0.43290530145168304 0.9992505013942719 0.8647697269916534
5 0.052750738337635994 0.33363768458366394 0.10446366295218468 0.20957088470458984
5 0.5038670897483826 0.01668798178434372 0.685038685798645 0.03378220647573471
