2 0.9075584411621094 0.5755588412284851 0.18483924865722656 0.20881080627441406
3 0.9215556979179382 0.6299647092819214 0.09393680095672607 0.09945571422576904
3 0.4827992916107178 0.7354811429977417 0.10813033580780029 0.22484374046325684
2 0.46659618616104126 0.6323651075363159 0.25713253021240234 0.4261246919631958
2 0.27063560485839844 0.5415541678667068 0.06858110427856445 0.09062275290489197
2 0.419456847012043 0.6328212022781372 0.3605494350194931 0.42794811725616455
3 0.48382245004177094 0.7653498649597168 0.10441401600837708 0.1597839593887329
2 0.27682342380285263 0.5333124399185181 0.09426577389240265 0.11433935165405273
2 0.9075584411621094 0.5755588412284851 0.18483924865722656 0.20881080627441406
3 0.9215556979179382 0.6299647092819214 0.09393680095672607 0.09945571422576904
3 0.4827992916107178 0.7354811429977417 0.10813033580780029 0.22484374046325684
2 0.46659618616104126 0.6323651075363159 0.25713253021240234 0.4261246919631958
2 0.27063560485839844 0.5415541678667068 0.06858110427856445 0.09062275290489197
2 0.419456847012043 0.6328212022781372 0.3605494350194931 0.42794811725616455
3 0.48382245004177094 0.7653498649597168 0.10441401600837708 0.1597839593887329
2 0.27682342380285263 0.5333124399185181 0.09426577389240265 0.11433935165405273
