4 0.4736650586128235 0.5024195313453674 0.21420621871948242 0.3229084014892578
3 0.8518224954605103 0.4577987939119339 0.29516124725341797 0.9150002896785736
3 0.1509251669049263 0.6005740165710449 0.30139218270778656 0.49447333812713623
5 0.6852555871009827 0.5841367393732071 0.15108919143676758 0.18495091795921326
5 0.70594722032547 0.630770206451416 0.044151902198791504 0.08960986137390137
5 0.05495614744722843 0.26625245809555054 0.03957940265536308 0.05553555488586426
5 0.15095330029726028 0.6003362536430359 0.30123816430568695 0.4944072961807251
4 0.4736650586128235 0.5024195313453674 0.21420621871948242 0.3229084014892578
3 0.8518224954605103 0.4577987939119339 0.29516124725341797 0.9150002896785736
3 0.1509251669049263 0.6005740165710449 0.30139218270778656 0.49447333812713623
5 0.6852555871009827 0.5841367393732071 0.15108919143676758 0.18495091795921326
5 0.70594722032547 0.630770206451416 0.044151902198791504 0.08960986137390137
5 0.05495614744722843 0.26625245809555054 0.03957940265536308 0.05553555488586426
5 0.15095330029726028 0.6003362536430359 0.30123816430568695 0.4944072961807251
