5 0.5634250491857529 0.7030869722366333 0.7944593727588654 0.294588565826416
4 0.0603279210627079 0.6163179874420166 0.12007831782102585 0.2126830816268921
8 0.19367458671331406 0.6199142932891846 0.13294370472431183 0.17507898807525635
3 0.944800615310669 0.10185088589787483 0.10851335525512695 0.12825914472341537
3 0.7044851779937744 0.1222631148993969 0.0804741382598877 0.0865996852517128
8 0.8137657046318054 0.09103665873408318 0.12989556789398193 0.1475529447197914
4 0.6066805124282837 0.10577842593193054 0.07594776153564453 0.109537273645401
3 0.0747622698545456 0.5129280537366867 0.14925751090049744 0.21768561005592346
3 0.06060346961021423 0.6160867810249329 0.11996443569660187 0.2129889726638794
3 0.19360260665416718 0.6198510527610779 0.13320431113243103 0.1754828691482544
5 0.5634250491857529 0.7030869722366333 0.7944593727588654 0.294588565826416
4 0.0603279210627079 0.6163179874420166 0.12007831782102585 0.2126830816268921
8 0.19367458671331406 0.6199142932891846 0.13294370472431183 0.17507898807525635
3 0.944800615310669 0.10185088589787483 0.10851335525512695 0.12825914472341537
3 0.7044851779937744 0.1222631148993969 0.0804741382598877 0.0865996852517128
8 0.8137657046318054 0.09103665873408318 0.12989556789398193 0.1475529447197914
4 0.6066805124282837 0.10577842593193054 0.07594776153564453 0.109537273645401
3 0.0747622698545456 0.5129280537366867 0.14925751090049744 0.21768561005592346
3 0.06060346961021423 0.6160867810249329 0.11996443569660187 0.2129889726638794
3 0.19360260665416718 0.6198510527610779 0.13320431113243103 0.1754828691482544
