4 0.49931690096855164 0.6199282258749008 0.20502334833145142 0.3667736351490021
5 0.8771414160728455 0.5665411949157715 0.24363553524017334 0.03670763969421387
5 0.8431060314178467 0.7789057493209839 0.3108772039413452 0.2145400047302246
5 0.8540986180305481 0.6838169693946838 0.28540921211242676 0.12421369552612305
5 0.8588079214096069 0.6199032664299011 0.2799861431121826 0.11517226696014404
5 0.8575353622436523 0.5999494791030884 0.277754545211792 0.07736897468566895
5 0.9121819138526917 0.6351621747016907 0.17438805103302002 0.08830571174621582
5 0.8040165901184082 0.6738536953926086 0.18392372131347656 0.10410845279693604
5 0.9106649160385132 0.8188719153404236 0.1766960620880127 0.1376410722732544
5 0.8435419797897339 0.720950186252594 0.3112236261367798 0.34612929821014404
4 0.49931690096855164 0.6199282258749008 0.20502334833145142 0.3667736351490021
5 0.8771414160728455 0.5665411949157715 0.24363553524017334 0.03670763969421387
5 0.8431060314178467 0.7789057493209839 0.3108772039413452 0.2145400047302246
5 0.8540986180305481 0.6838169693946838 0.28540921211242676 0.12421369552612305
5 0.8588079214096069 0.6199032664299011 0.2799861431121826 0.11517226696014404
5 0.8575353622436523 0.5999494791030884 0.277754545211792 0.07736897468566895
5 0.9121819138526917 0.6351621747016907 0.17438805103302002 0.08830571174621582
5 0.8040165901184082 0.6738536953926086 0.18392372131347656 0.10410845279693604
5 0.9106649160385132 0.8188719153404236 0.1766960620880127 0.1376410722732544
5 0.8435419797897339 0.720950186252594 0.3112236261367798 0.34612929821014404
