2 0.5003746896982193 0.6319326162338257 0.26556918025016785 0.390802264213562
1 0.8127629160881042 0.5440987944602966 0.3110555410385132 0.7989953756332397
1 0.20231423154473305 0.6202237010002136 0.18067973107099533 0.31526756286621094
1 0.2024426832795143 0.6991856694221497 0.18081359565258026 0.47361505031585693
1 0.7804529070854187 0.672951340675354 0.2458285093307495 0.5373719930648804
2 0.5003746896982193 0.6319326162338257 0.26556918025016785 0.390802264213562
1 0.8127629160881042 0.5440987944602966 0.3110555410385132 0.7989953756332397
1 0.20231423154473305 0.6202237010002136 0.18067973107099533 0.31526756286621094
1 0.2024426832795143 0.6991856694221497 0.18081359565258026 0.47361505031585693
1 0.7804529070854187 0.672951340675354 0.2458285093307495 0.5373719930648804
