1 0.4843222200870514 0.5587321370840073 0.7287344336509705 0.8816695511341095
2 0.8095780611038208 0.6458936333656311 0.38102293014526367 0.3871030807495117
2 0.6871042251586914 0.6315092444419861 0.622693657875061 0.41582393646240234
2 0.18779300153255463 0.9697073698043823 0.37526097893714905 0.06037485599517822
2 0.6379271894693375 0.6328586488962173 0.7261206805706024 0.4187926948070526
1 0.4843222200870514 0.5587321370840073 0.7287344336509705 0.8816695511341095
2 0.8095780611038208 0.6458936333656311 0.38102293014526367 0.3871030807495117
2 0.6871042251586914 0.6315092444419861 0.622693657875061 0.41582393646240234
2 0.18779300153255463 0.9697073698043823 0.37526097893714905 0.06037485599517822
2 0.6379271894693375 0.6328586488962173 0.7261206805706024 0.4187926948070526
