1 0.52015121281147 0.6432703286409378 0.5238383710384369 0.7128323018550873
1 0.14488974586129189 0.4555641859769821 0.20036213845014572 0.5352205336093903
2 0.3020014241337776 0.6050339341163635 0.282318577170372 0.2687246799468994
2 0.9659051299095154 0.6629935503005981 0.06827080249786377 0.24286198616027832
2 0.5422835797071457 0.6080496311187744 0.7614785730838776 0.2785806655883789
2 0.3383716270327568 0.6049270629882812 0.35514189302921295 0.27205002307891846
2 0.7264007329940796 0.6112176775932312 0.3947892189025879 0.26357924938201904
1 0.52015121281147 0.6432703286409378 0.5238383710384369 0.7128323018550873
1 0.14488974586129189 0.4555641859769821 0.20036213845014572 0.5352205336093903
2 0.3020014241337776 0.6050339341163635 0.282318577170372 0.2687246799468994
2 0.9659051299095154 0.6629935503005981 0.06827080249786377 0.24286198616027832
2 0.5422835797071457 0.6080496311187744 0.7614785730838776 0.2785806655883789
2 0.3383716270327568 0.6049270629882812 0.35514189302921295 0.27205002307891846
2 0.7264007329940796 0.6112176775932312 0.3947892189025879 0.26357924938201904
