2 0.5106492638587952 0.58082115650177 0.2817347049713135 0.5524210929870605
5 0.8967583775520325 0.4244181364774704 0.13558125495910645 0.16646495461463928
5 0.14748971164226532 0.6743296980857849 0.08603879809379578 0.21207284927368164
5 0.8971927762031555 0.13668667152523994 0.16296136379241943 0.24026664346456528
5 0.8832008242607117 0.6893819570541382 0.16288578510284424 0.26877689361572266
5 0.1959816813468933 0.6583319306373596 0.028329432010650635 0.2091231346130371
5 0.14571678638458252 0.38836076855659485 0.11799836158752441 0.22111451625823975
5 0.1564241498708725 0.6685793995857239 0.10810181498527527 0.23130226135253906
2 0.5106492638587952 0.58082115650177 0.2817347049713135 0.5524210929870605
5 0.8967583775520325 0.4244181364774704 0.13558125495910645 0.16646495461463928
5 0.14748971164226532 0.6743296980857849 0.08603879809379578 0.21207284927368164
5 0.8971927762031555 0.13668667152523994 0.16296136379241943 0.24026664346456528
5 0.8832008242607117 0.6893819570541382 0.16288578510284424 0.26877689361572266
5 0.1959816813468933 0.6583319306373596 0.028329432010650635 0.2091231346130371
5 0.14571678638458252 0.38836076855659485 0.11799836158752441 0.22111451625823975
5 0.1564241498708725 0.6685793995857239 0.10810181498527527 0.23130226135253906
