3 0.23863743990659714 0.5773909091949463 0.08934684097766876 0.1519162654876709
1 0.8322857618331909 0.7732800841331482 0.3312274217605591 0.45181095600128174
5 0.7928791046142578 0.4897165149450302 0.058514952659606934 0.0924011766910553
1 0.5420713871717453 0.776331901550293 0.3579038679599762 0.4470703601837158
1 0.5220232605934143 0.8336508274078369 0.31340062618255615 0.33221685886383057
5 0.9217023253440857 0.27506962418556213 0.047426819801330566 0.0429878830909729
5 0.1861698478460312 0.4735783487558365 0.04737493395805359 0.09288749098777771
1 0.08429212495684624 0.8087244629859924 0.16853836923837662 0.38244128227233887
1 0.6544862985610962 0.773683488368988 0.579060435295105 0.45172369480133057
1 0.08413319289684296 0.7571297287940979 0.1682191789150238 0.4851416349411011
1 0.8058264851570129 0.7738528847694397 0.2606998682022095 0.45044755935668945
1 0.6154709458351135 0.7737653255462646 0.6536862850189209 0.4519294500350952
3 0.23863743990659714 0.5773909091949463 0.08934684097766876 0.1519162654876709
1 0.8322857618331909 0.7732800841331482 0.3312274217605591 0.45181095600128174
5 0.7928791046142578 0.4897165149450302 0.058514952659606934 0.0924011766910553
1 0.5420713871717453 0.776331901550293 0.3579038679599762 0.4470703601837158
1 0.5220232605934143 0.8336508274078369 0.31340062618255615 0.33221685886383057
5 0.9217023253440857 0.27506962418556213 0.047426819801330566 0.0429878830909729
5 0.1861698478460312 0.4735783487558365 0.04737493395805359 0.09288749098777771
1 0.08429212495684624 0.8087244629859924 0.16853836923837662 0.38244128227233887
1 0.6544862985610962 0.773683488368988 0.579060435295105 0.45172369480133057
1 0.08413319289684296 0.7571297287940979 0.1682191789150238 0.4851416349411011
1 0.8058264851570129 0.7738528847694397 0.2606998682022095 0.45044755935668945
1 0.6154709458351135 0.7737653255462646 0.6536862850189209 0.4519294500350952
