5 0.6327468156814575 0.555182695388794 0.1855708360671997 0.17185044288635254
4 0.3475988209247589 0.41367942094802856 0.07186752557754517 0.33091461658477783
4 0.4016777575016022 0.412964291870594 0.054438650608062744 0.3441631644964218
4 0.514947235584259 0.3780505731701851 0.06949090957641602 0.2765979617834091
4 0.4042884036898613 0.4119223430752754 0.31183017790317535 0.3598604053258896
5 0.6327468156814575 0.555182695388794 0.1855708360671997 0.17185044288635254
4 0.3475988209247589 0.41367942094802856 0.07186752557754517 0.33091461658477783
4 0.4016777575016022 0.412964291870594 0.054438650608062744 0.3441631644964218
4 0.514947235584259 0.3780505731701851 0.06949090957641602 0.2765979617834091
4 0.4042884036898613 0.4119223430752754 0.31183017790317535 0.3598604053258896
