5 0.5133981108665466 0.7073524594306946 0.6767204999923706 0.16608452796936035
1 0.05513970926403999 0.5295028835535049 0.11000975221395493 0.4104866683483124
1 0.8995951414108276 0.618945762515068 0.2010664939880371 0.4239260256290436
1 0.8932618200778961 0.2758966311812401 0.21376389265060425 0.3725566416978836
1 0.3682890757918358 0.39523571729660034 0.4190630465745926 0.537736177444458
1 0.3662692829966545 0.33594731986522675 0.42243362963199615 0.6562944948673248
5 0.5133981108665466 0.7073524594306946 0.6767204999923706 0.16608452796936035
1 0.05513970926403999 0.5295028835535049 0.11000975221395493 0.4104866683483124
1 0.8995951414108276 0.618945762515068 0.2010664939880371 0.4239260256290436
1 0.8932618200778961 0.2758966311812401 0.21376389265060425 0.3725566416978836
1 0.3682890757918358 0.39523571729660034 0.4190630465745926 0.537736177444458
1 0.3662692829966545 0.33594731986522675 0.42243362963199615 0.6562944948673248
