4 0.41459107398986816 0.4999202638864517 0.11099952459335327 0.9997667968273163
4 0.2790185734629631 0.5000094771385193 0.38251711428165436 0.9999722242355347
4 0.22785990685224533 0.49969738721847534 0.2681542783975601 0.9999494552612305
4 0.05022655054926872 0.500126302242279 0.10043222457170486 0.999998927116394
4 0.2364535704255104 0.4997028112411499 0.47183315455913544 0.9999972581863403
4 0.41459107398986816 0.4999202638864517 0.11099952459335327 0.9997667968273163
4 0.2790185734629631 0.5000094771385193 0.38251711428165436 0.9999722242355347
4 0.22785990685224533 0.49969738721847534 0.2681542783975601 0.9999494552612305
4 0.05022655054926872 0.500126302242279 0.10043222457170486 0.999998927116394
4 0.2364535704255104 0.4997028112411499 0.47183315455913544 0.9999972581863403
