2 0.509310320019722 0.7468152493238449 0.33873113989830017 0.5049056112766266
5 0.0762878842651844 0.432290181517601 0.15254541486501694 0.14861896634101868
5 0.07300139591097832 0.223599374294281 0.1456870213150978 0.1469600796699524
5 0.9232375025749207 0.12334287166595459 0.1540759801864624 0.1714431643486023
5 0.07989215850830078 0.07556479796767235 0.1596257984638214 0.1510833576321602
5 0.07421619445085526 0.6385170817375183 0.14849711954593658 0.16785812377929688
5 0.925407886505127 0.6247706413269043 0.14881718158721924 0.15403246879577637
5 0.9250928461551666 0.43693041801452637 0.14994686841964722 0.13254952430725098
5 0.9230864942073822 0.26322704553604126 0.15390044450759888 0.14572840929031372
5 0.9180933833122253 0.40372101962566376 0.16342759132385254 0.8051246702671051
5 0.0756547674536705 0.20602451264858246 0.15104840695858002 0.1883837878704071
2 0.509310320019722 0.7468152493238449 0.33873113989830017 0.5049056112766266
5 0.0762878842651844 0.432290181517601 0.15254541486501694 0.14861896634101868
5 0.07300139591097832 0.223599374294281 0.1456870213150978 0.1469600796699524
5 0.9232375025749207 0.12334287166595459 0.1540759801864624 0.1714431643486023
5 0.07989215850830078 0.07556479796767235 0.1596257984638214 0.1510833576321602
5 0.07421619445085526 0.6385170817375183 0.14849711954593658 0.16785812377929688
5 0.925407886505127 0.6247706413269043 0.14881718158721924 0.15403246879577637
5 0.9250928461551666 0.43693041801452637 0.14994686841964722 0.13254952430725098
5 0.9230864942073822 0.26322704553604126 0.15390044450759888 0.14572840929031372
5 0.9180933833122253 0.40372101962566376 0.16342759132385254 0.8051246702671051
5 0.0756547674536705 0.20602451264858246 0.15104840695858002 0.1883837878704071
