3 0.40241747349500656 0.6599352955818176 0.31352247297763824 0.25089025497436523
1 0.668411135673523 0.41425246000289917 0.05744814872741699 0.08994638919830322
1 0.1718348041176796 0.41130316257476807 0.25797347724437714 0.2619384527206421
1 0.3793623745441437 0.4052535891532898 0.09223407506942749 0.11821210384368896
1 0.036866532638669014 0.09465620666742325 0.07372310385107994 0.18853579461574554
1 0.14015509188175201 0.11856683902442455 0.15139725804328918 0.12126872316002846
1 0.7739827036857605 0.08164948411285877 0.053609251976013184 0.05658790096640587
1 0.5051410794258118 0.44138985872268677 0.029981493949890137 0.05161839723587036
1 0.11265946924686432 0.47211360931396484 0.09132233262062073 0.1476529836654663
1 0.9760520458221436 0.0350617989897728 0.04788219928741455 0.06990455090999603
1 0.8404474854469299 0.045767880976200104 0.09899783134460449 0.09133318066596985
1 0.10627302899956703 0.5041264146566391 0.07403456419706345 0.0838182270526886
1 0.10162690095603466 0.4509521424770355 0.12140936031937599 0.19011324644088745
1 0.917060375213623 0.03868354298174381 0.06322121620178223 0.07712025567889214
1 0.20565087348222733 0.4123519957065582 0.18831680715084076 0.25917404890060425
3 0.40241747349500656 0.6599352955818176 0.31352247297763824 0.25089025497436523
1 0.668411135673523 0.41425246000289917 0.05744814872741699 0.08994638919830322
1 0.1718348041176796 0.41130316257476807 0.25797347724437714 0.2619384527206421
1 0.3793623745441437 0.4052535891532898 0.09223407506942749 0.11821210384368896
1 0.036866532638669014 0.09465620666742325 0.07372310385107994 0.18853579461574554
1 0.14015509188175201 0.11856683902442455 0.15139725804328918 0.12126872316002846
1 0.7739827036857605 0.08164948411285877 0.053609251976013184 0.05658790096640587
1 0.5051410794258118 0.44138985872268677 0.029981493949890137 0.05161839723587036
1 0.11265946924686432 0.47211360931396484 0.09132233262062073 0.1476529836654663
1 0.9760520458221436 0.0350617989897728 0.04788219928741455 0.06990455090999603
1 0.8404474854469299 0.045767880976200104 0.09899783134460449 0.09133318066596985
1 0.10627302899956703 0.5041264146566391 0.07403456419706345 0.0838182270526886
1 0.10162690095603466 0.4509521424770355 0.12140936031937599 0.19011324644088745
1 0.917060375213623 0.03868354298174381 0.06322121620178223 0.07712025567889214
1 0.20565087348222733 0.4123519957065582 0.18831680715084076 0.25917404890060425
