1 0.48141101002693176 0.5425987243652344 0.42295700311660767 0.6518046855926514
1 0.226599283516407 0.672907292842865 0.45312367379665375 0.6509729623794556
1 0.8373544216156006 0.7341519594192505 0.32488131523132324 0.5279426574707031
1 0.8789640665054321 0.31827208399772644 0.24173498153686523 0.635498583316803
1 0.8789790868759155 0.26048845052719116 0.24153685569763184 0.5209832191467285
1 0.48141101002693176 0.5425987243652344 0.42295700311660767 0.6518046855926514
1 0.226599283516407 0.672907292842865 0.45312367379665375 0.6509729623794556
1 0.8373544216156006 0.7341519594192505 0.32488131523132324 0.5279426574707031
1 0.8789640665054321 0.31827208399772644 0.24173498153686523 0.635498583316803
1 0.8789790868759155 0.26048845052719116 0.24153685569763184 0.5209832191467285
