2 0.5030074715614319 0.6591936498880386 0.662848711013794 0.6807958781719208
2 0.9076642990112305 0.4080556184053421 0.18464791774749756 0.46720561385154724
1 0.12351939082145691 0.77888423204422 0.24687421321868896 0.4415022134780884
1 0.7008892893791199 0.5454567074775696 0.3448268175125122 0.5774649381637573
2 0.7763203382492065 0.3206491470336914 0.44788122177124023 0.6411281824111938
2 0.8063621819019318 0.346552237868309 0.3876416087150574 0.5890269577503204
1 0.2656579911708832 0.6339977532625198 0.2692628502845764 0.5356038510799408
1 0.12343736365437508 0.8568310141563416 0.24710115045309067 0.2855830192565918
1 0.024250772781670094 0.47369374334812164 0.0485359039157629 0.20315608382225037
1 0.02413102798163891 0.5476400256156921 0.04825809970498085 0.3544628620147705
1 0.12367415055632591 0.6865725368261337 0.24755186587572098 0.6258390247821808
2 0.8060335516929626 0.4022350087761879 0.38828766345977783 0.4789971560239792
2 0.5030074715614319 0.6591936498880386 0.662848711013794 0.6807958781719208
2 0.9076642990112305 0.4080556184053421 0.18464791774749756 0.46720561385154724
1 0.12351939082145691 0.77888423204422 0.24687421321868896 0.4415022134780884
1 0.7008892893791199 0.5454567074775696 0.3448268175125122 0.5774649381637573
2 0.7763203382492065 0.3206491470336914 0.44788122177124023 0.6411281824111938
2 0.8063621819019318 0.346552237868309 0.3876416087150574 0.5890269577503204
1 0.2656579911708832 0.6339977532625198 0.2692628502845764 0.5356038510799408
1 0.12343736365437508 0.8568310141563416 0.24710115045309067 0.2855830192565918
1 0.024250772781670094 0.47369374334812164 0.0485359039157629 0.20315608382225037
1 0.02413102798163891 0.5476400256156921 0.04825809970498085 0.3544628620147705
1 0.12367415055632591 0.6865725368261337 0.24755186587572098 0.6258390247821808
2 0.8060335516929626 0.4022350087761879 0.38828766345977783 0.4789971560239792
