2 0.43621261417865753 0.5661967247724533 0.6758383214473724 0.8351258337497711
2 0.9549968242645264 0.5863742828369141 0.08993995189666748 0.10257446765899658
2 0.7810052037239075 0.409695528447628 0.4376164674758911 0.47913654148578644
2 0.27039819955825806 0.6640515327453613 0.3037545680999756 0.2940492630004883
2 0.8532605767250061 0.43655306845903397 0.29224634170532227 0.4235261529684067
2 0.5745970606803894 0.5897694826126099 0.10392570495605469 0.08839833736419678
2 0.2620222866535187 0.590576782822609 0.3214613199234009 0.44728872179985046
2 0.7635431289672852 0.4366453140974045 0.4740161895751953 0.4235519468784332
2 0.43621261417865753 0.5661967247724533 0.6758383214473724 0.8351258337497711
2 0.9549968242645264 0.5863742828369141 0.08993995189666748 0.10257446765899658
2 0.7810052037239075 0.409695528447628 0.4376164674758911 0.47913654148578644
2 0.27039819955825806 0.6640515327453613 0.3037545680999756 0.2940492630004883
2 0.8532605767250061 0.43655306845903397 0.29224634170532227 0.4235261529684067
2 0.5745970606803894 0.5897694826126099 0.10392570495605469 0.08839833736419678
2 0.2620222866535187 0.590576782822609 0.3214613199234009 0.44728872179985046
2 0.7635431289672852 0.4366453140974045 0.4740161895751953 0.4235519468784332
