2 0.5266706198453903 0.4306439310312271 0.1713065207004547 0.5840115249156952
3 0.5280738025903702 0.5792887210845947 0.15726014971733093 0.27728140354156494
3 0.5259175151586533 0.8832263350486755 0.16475394368171692 0.23101747035980225
4 0.12038525193929672 0.17251795902848244 0.11459679901599884 0.1462603136897087
4 0.1127694621682167 0.03811524249613285 0.09293551743030548 0.07621828839182854
4 0.004090730333700776 0.301981620490551 0.008269309531897306 0.1099095493555069
2 0.5266706198453903 0.4306439310312271 0.1713065207004547 0.5840115249156952
3 0.5280738025903702 0.5792887210845947 0.15726014971733093 0.27728140354156494
3 0.5259175151586533 0.8832263350486755 0.16475394368171692 0.23101747035980225
4 0.12038525193929672 0.17251795902848244 0.11459679901599884 0.1462603136897087
4 0.1127694621682167 0.03811524249613285 0.09293551743030548 0.07621828839182854
4 0.004090730333700776 0.301981620490551 0.008269309531897306 0.1099095493555069
