2 0.8736088573932648 0.5261855274438858 0.2529076933860779 0.6187214553356171
2 0.5238603949546814 0.5521059185266495 0.5021095275878906 0.7164399325847626
2 0.21592898666858673 0.5831444412469864 0.4299393594264984 0.7118866145610809
2 0.24281562119722366 0.578441858291626 0.3623924106359482 0.7034024000167847
2 0.12964871525764465 0.6455430835485458 0.2596888542175293 0.7003159821033478
2 0.8736088573932648 0.5261855274438858 0.2529076933860779 0.6187214553356171
2 0.5238603949546814 0.5521059185266495 0.5021095275878906 0.7164399325847626
2 0.21592898666858673 0.5831444412469864 0.4299393594264984 0.7118866145610809
2 0.24281562119722366 0.578441858291626 0.3623924106359482 0.7034024000167847
2 0.12964871525764465 0.6455430835485458 0.2596888542175293 0.7003159821033478
