4 0.4971771836280823 0.5212541222572327 0.14264416694641113 0.17907989025115967
1 0.47205138206481934 0.3910832032561302 0.23183202743530273 0.44108445942401886
1 0.39532333612442017 0.4816335588693619 0.0837436318397522 0.2546376883983612
10 0.3812810182571411 0.5671491026878357 0.0512731671333313 0.08283829689025879
2 0.8404291868209839 0.6970833539962769 0.19515252113342285 0.15461409091949463
2 0.9572802782058716 0.7256922125816345 0.08562350273132324 0.1654442548751831
2 0.9734439551830292 0.7247610688209534 0.053115904331207275 0.16291403770446777
4 0.4971771836280823 0.5212541222572327 0.14264416694641113 0.17907989025115967
1 0.47205138206481934 0.3910832032561302 0.23183202743530273 0.44108445942401886
1 0.39532333612442017 0.4816335588693619 0.0837436318397522 0.2546376883983612
10 0.3812810182571411 0.5671491026878357 0.0512731671333313 0.08283829689025879
2 0.8404291868209839 0.6970833539962769 0.19515252113342285 0.15461409091949463
2 0.9572802782058716 0.7256922125816345 0.08562350273132324 0.1654442548751831
2 0.9734439551830292 0.7247610688209534 0.053115904331207275 0.16291403770446777
