1 0.7988741397857666 0.5870435237884521 0.40136682987213135 0.6584445238113403
1 0.21429307013750076 0.5992189645767212 0.4272732585668564 0.6703107357025146
3 0.48586776852607727 0.6891915798187256 0.21355277299880981 0.3753625154495239
2 0.49545973539352417 0.6089492589235306 0.2263127565383911 0.5360678136348724
8 0.5083751082420349 0.45167137682437897 0.19776153564453125 0.22024676203727722
1 0.7988741397857666 0.5870435237884521 0.40136682987213135 0.6584445238113403
1 0.21429307013750076 0.5992189645767212 0.4272732585668564 0.6703107357025146
3 0.48586776852607727 0.6891915798187256 0.21355277299880981 0.3753625154495239
2 0.49545973539352417 0.6089492589235306 0.2263127565383911 0.5360678136348724
8 0.5083751082420349 0.45167137682437897 0.19776153564453125 0.22024676203727722
