4 0.5249127149581909 0.5950884222984314 0.34586918354034424 0.5156947374343872
5 0.12098278477787971 0.4878614544868469 0.21205123513936996 0.6127668619155884
5 0.25576796382665634 0.490342453122139 0.09584809839725494 0.4969252049922943
5 0.9778029918670654 0.45597146451473236 0.044158339500427246 0.7822830975055695
5 0.3655911982059479 0.4669733941555023 0.12352675199508667 0.4833375811576843
5 0.6370828151702881 0.5157065391540527 0.15291845798492432 0.586673378944397
5 0.7804539203643799 0.5246289819478989 0.14814019203186035 0.6081855595111847
5 0.4228530526161194 0.5088185667991638 0.8415342569351196 0.6531150341033936
5 0.008171623107045889 0.5109124183654785 0.016253639943897724 0.6218181848526001
5 0.4950717091560364 0.28555723279714584 0.1234520673751831 0.11605997383594513
5 0.7611632943153381 0.5203856825828552 0.10322177410125732 0.5913842916488647
5 0.49113865196704865 0.3695481941103935 0.1331227719783783 0.28544892370700836
4 0.5249127149581909 0.5950884222984314 0.34586918354034424 0.5156947374343872
5 0.12098278477787971 0.4878614544868469 0.21205123513936996 0.6127668619155884
5 0.25576796382665634 0.490342453122139 0.09584809839725494 0.4969252049922943
5 0.9778029918670654 0.45597146451473236 0.044158339500427246 0.7822830975055695
5 0.3655911982059479 0.4669733941555023 0.12352675199508667 0.4833375811576843
5 0.6370828151702881 0.5157065391540527 0.15291845798492432 0.586673378944397
5 0.7804539203643799 0.5246289819478989 0.14814019203186035 0.6081855595111847
5 0.4228530526161194 0.5088185667991638 0.8415342569351196 0.6531150341033936
5 0.008171623107045889 0.5109124183654785 0.016253639943897724 0.6218181848526001
5 0.4950717091560364 0.28555723279714584 0.1234520673751831 0.11605997383594513
5 0.7611632943153381 0.5203856825828552 0.10322177410125732 0.5913842916488647
5 0.49113865196704865 0.3695481941103935 0.1331227719783783 0.28544892370700836
