3 0.5058077573776245 0.6011171936988831 0.1672210693359375 0.289764404296875
4 0.9065238237380981 0.17622515559196472 0.18634355068206787 0.11803829669952393
4 0.09257237613201141 0.17550518736243248 0.18497991561889648 0.12441921979188919
4 0.9058957099914551 0.5194112658500671 0.18764781951904297 0.137917160987854
4 0.09379157051444054 0.3383163511753082 0.1875557377934456 0.15337562561035156
4 0.09438324719667435 0.5245923399925232 0.18794842064380646 0.13186264038085938
4 0.9061168432235718 0.34983983635902405 0.1867060661315918 0.12660866975784302
3 0.5058077573776245 0.6011171936988831 0.1672210693359375 0.289764404296875
4 0.9065238237380981 0.17622515559196472 0.18634355068206787 0.11803829669952393
4 0.09257237613201141 0.17550518736243248 0.18497991561889648 0.12441921979188919
4 0.9058957099914551 0.5194112658500671 0.18764781951904297 0.137917160987854
4 0.09379157051444054 0.3383163511753082 0.1875557377934456 0.15337562561035156
4 0.09438324719667435 0.5245923399925232 0.18794842064380646 0.13186264038085938
4 0.9061168432235718 0.34983983635902405 0.1867060661315918 0.12660866975784302
