1 0.3962210416793823 0.5767776966094971 0.4310389757156372 0.8453400135040283
1 0.6474563479423523 0.5338603109121323 0.08611416816711426 0.17774584889411926
5 0.07253951020538807 0.26146239042282104 0.06755268201231956 0.4055197834968567
5 0.022111939266324043 0.24226757138967514 0.04414727911353111 0.43795211613178253
5 0.053542958572506905 0.24448031932115555 0.10691552981734276 0.44384537637233734
5 0.2198464274406433 0.33182451128959656 0.08095324039459229 0.30505990982055664
5 0.19464728236198425 0.8252957463264465 0.02100929617881775 0.32420921325683594
1 0.3962210416793823 0.5767776966094971 0.4310389757156372 0.8453400135040283
1 0.6474563479423523 0.5338603109121323 0.08611416816711426 0.17774584889411926
5 0.07253951020538807 0.26146239042282104 0.06755268201231956 0.4055197834968567
5 0.022111939266324043 0.24226757138967514 0.04414727911353111 0.43795211613178253
5 0.053542958572506905 0.24448031932115555 0.10691552981734276 0.44384537637233734
5 0.2198464274406433 0.33182451128959656 0.08095324039459229 0.30505990982055664
5 0.19464728236198425 0.8252957463264465 0.02100929617881775 0.32420921325683594
