2 0.11418254673480988 0.6162087768316269 0.22652718424797058 0.30085256695747375
2 0.8547971248626709 0.5770715475082397 0.279964804649353 0.37740325927734375
4 0.18703855574131012 0.46139106154441833 0.04176473617553711 0.06460756063461304
4 0.49245312809944153 0.8022849559783936 0.10264641046524048 0.09076011180877686
4 0.4830753654241562 0.6752679944038391 0.3807361423969269 0.3713191747665405
2 0.11418254673480988 0.6162087768316269 0.22652718424797058 0.30085256695747375
2 0.8547971248626709 0.5770715475082397 0.279964804649353 0.37740325927734375
4 0.18703855574131012 0.46139106154441833 0.04176473617553711 0.06460756063461304
4 0.49245312809944153 0.8022849559783936 0.10264641046524048 0.09076011180877686
4 0.4830753654241562 0.6752679944038391 0.3807361423969269 0.3713191747665405
