4 0.4841640144586563 0.7998405694961548 0.6490106284618378 0.19734585285186768
2 0.911279559135437 0.35946664214134216 0.17769479751586914 0.22433924674987793
2 0.6059480458498001 0.07098415493965149 0.21741923689842224 0.14224353432655334
2 0.03902401961386204 0.042919980362057686 0.07792703434824944 0.08580654487013817
2 0.8377836346626282 0.4329720437526703 0.050217628479003906 0.09905606508255005
2 0.24243713170289993 0.20513059198856354 0.08885239064693451 0.10448905825614929
2 0.590829610824585 0.37417730689048767 0.12724781036376953 0.1811777949333191
2 0.10845676064491272 0.21766777336597443 0.15315115451812744 0.08607086539268494
2 0.6121571511030197 0.2326119840145111 0.2296089231967926 0.4656679630279541
2 0.6275778412818909 0.36267295479774475 0.20006287097930908 0.20651966333389282
2 0.2828630283474922 0.026167718693614006 0.10166661441326141 0.052309874445199966
2 0.5729952454566956 0.4012487828731537 0.08787524700164795 0.1243709921836853
4 0.4841640144586563 0.7998405694961548 0.6490106284618378 0.19734585285186768
2 0.911279559135437 0.35946664214134216 0.17769479751586914 0.22433924674987793
2 0.6059480458498001 0.07098415493965149 0.21741923689842224 0.14224353432655334
2 0.03902401961386204 0.042919980362057686 0.07792703434824944 0.08580654487013817
2 0.8377836346626282 0.4329720437526703 0.050217628479003906 0.09905606508255005
2 0.24243713170289993 0.20513059198856354 0.08885239064693451 0.10448905825614929
2 0.590829610824585 0.37417730689048767 0.12724781036376953 0.1811777949333191
2 0.10845676064491272 0.21766777336597443 0.15315115451812744 0.08607086539268494
2 0.6121571511030197 0.2326119840145111 0.2296089231967926 0.4656679630279541
2 0.6275778412818909 0.36267295479774475 0.20006287097930908 0.20651966333389282
2 0.2828630283474922 0.026167718693614006 0.10166661441326141 0.052309874445199966
2 0.5729952454566956 0.4012487828731537 0.08787524700164795 0.1243709921836853
