5 0.5387286096811295 0.6917374134063721 0.9195418059825897 0.324526309967041
5 0.09235676750540733 0.5470592379570007 0.1850835159420967 0.07679271697998047
2 0.944080114364624 0.26524288207292557 0.11189985275268555 0.11094658076763153
2 0.7327157258987427 0.27959368377923965 0.2215116024017334 0.13975803554058075
5 0.6946004629135132 0.5702304244041443 0.5194920301437378 0.09682834148406982
2 0.8059898018836975 0.47519877552986145 0.1676349639892578 0.19558030366897583
2 0.023260303772985935 0.4319785535335541 0.046555785462260246 0.17540878057479858
2 0.7731980681419373 0.4743633270263672 0.23504281044006348 0.2001512050628662
5 0.5387286096811295 0.6917374134063721 0.9195418059825897 0.324526309967041
5 0.09235676750540733 0.5470592379570007 0.1850835159420967 0.07679271697998047
2 0.944080114364624 0.26524288207292557 0.11189985275268555 0.11094658076763153
2 0.7327157258987427 0.27959368377923965 0.2215116024017334 0.13975803554058075
5 0.6946004629135132 0.5702304244041443 0.5194920301437378 0.09682834148406982
2 0.8059898018836975 0.47519877552986145 0.1676349639892578 0.19558030366897583
2 0.023260303772985935 0.4319785535335541 0.046555785462260246 0.17540878057479858
2 0.7731980681419373 0.4743633270263672 0.23504281044006348 0.2001512050628662
