3 0.49281951785087585 0.7435585856437683 0.12599486112594604 0.1877197027206421
2 0.6940435171127319 0.4451114535331726 0.21581804752349854 0.5261707305908203
2 0.6448731422424316 0.5074886083602905 0.1175917387008667 0.39875519275665283
2 0.49290984869003296 0.6656188368797302 0.12815630435943604 0.34384632110595703
3 0.6421700119972229 0.607190728187561 0.0666356086730957 0.19884026050567627
3 0.49281951785087585 0.7435585856437683 0.12599486112594604 0.1877197027206421
2 0.6940435171127319 0.4451114535331726 0.21581804752349854 0.5261707305908203
2 0.6448731422424316 0.5074886083602905 0.1175917387008667 0.39875519275665283
2 0.49290984869003296 0.6656188368797302 0.12815630435943604 0.34384632110595703
3 0.6421700119972229 0.607190728187561 0.0666356086730957 0.19884026050567627
