1 0.4653575047850609 0.5379899591207504 0.46551962196826935 0.6746623814105988
1 0.8795393109321594 0.17555467784404755 0.23984205722808838 0.35019180178642273
1 0.09464537352323532 0.3504737913608551 0.1884278506040573 0.6997250914573669
1 0.8174566030502319 0.49982118606567383 0.36467647552490234 0.9993245601654053
1 0.2696739137172699 0.17768564075231552 0.2982746362686157 0.32337792217731476
1 0.22826014831662178 0.17951650172472 0.20955326408147812 0.3201643079519272
1 0.8191645741462708 0.6153865903615952 0.3605533838272095 0.7661497890949249
1 0.8189595341682434 0.5639800280332565 0.3611389398574829 0.8690127432346344
1 0.4653575047850609 0.5379899591207504 0.46551962196826935 0.6746623814105988
1 0.8795393109321594 0.17555467784404755 0.23984205722808838 0.35019180178642273
1 0.09464537352323532 0.3504737913608551 0.1884278506040573 0.6997250914573669
1 0.8174566030502319 0.49982118606567383 0.36467647552490234 0.9993245601654053
1 0.2696739137172699 0.17768564075231552 0.2982746362686157 0.32337792217731476
1 0.22826014831662178 0.17951650172472 0.20955326408147812 0.3201643079519272
1 0.8191645741462708 0.6153865903615952 0.3605533838272095 0.7661497890949249
1 0.8189595341682434 0.5639800280332565 0.3611389398574829 0.8690127432346344
