3 0.4228074699640274 0.7434859871864319 0.23176106810569763 0.40765678882598877
2 0.8212546706199646 0.42749691009521484 0.15236294269561768 0.20879793167114258
2 0.033000482246279716 0.6004754304885864 0.06536129489541054 0.16671133041381836
2 0.9816646575927734 0.4966520518064499 0.036301374435424805 0.08876839280128479
3 0.8293368816375732 0.47875604033470154 0.07088625431060791 0.1061970591545105
3 0.4228074699640274 0.7434859871864319 0.23176106810569763 0.40765678882598877
2 0.8212546706199646 0.42749691009521484 0.15236294269561768 0.20879793167114258
2 0.033000482246279716 0.6004754304885864 0.06536129489541054 0.16671133041381836
2 0.9816646575927734 0.4966520518064499 0.036301374435424805 0.08876839280128479
3 0.8293368816375732 0.47875604033470154 0.07088625431060791 0.1061970591545105
