3 0.5442947298288345 0.6588221788406372 0.45021912455558777 0.3661510944366455
1 0.805662214756012 0.2760521173477173 0.3609250783920288 0.5391972064971924
4 0.7747356295585632 0.4060901403427124 0.16248857975006104 0.2770054340362549
4 0.1204758733510971 0.5827910304069519 0.240788996219635 0.29255151748657227
1 0.15922186523675919 0.4650582820177078 0.3180075138807297 0.5280176103115082
1 0.15954849123954773 0.36478838324546814 0.3191608190536499 0.7287130951881409
4 0.09550844877958298 0.3146626651287079 0.19127951562404633 0.12021857500076294
1 0.12735844403505325 0.22365174442529678 0.25457535684108734 0.4418540447950363
1 0.12387627363204956 0.18804942071437836 0.2479424774646759 0.37564417719841003
4 0.8094918131828308 0.4054774343967438 0.0883791446685791 0.2771889567375183
3 0.5442947298288345 0.6588221788406372 0.45021912455558777 0.3661510944366455
1 0.805662214756012 0.2760521173477173 0.3609250783920288 0.5391972064971924
4 0.7747356295585632 0.4060901403427124 0.16248857975006104 0.2770054340362549
4 0.1204758733510971 0.5827910304069519 0.240788996219635 0.29255151748657227
1 0.15922186523675919 0.4650582820177078 0.3180075138807297 0.5280176103115082
1 0.15954849123954773 0.36478838324546814 0.3191608190536499 0.7287130951881409
4 0.09550844877958298 0.3146626651287079 0.19127951562404633 0.12021857500076294
1 0.12735844403505325 0.22365174442529678 0.25457535684108734 0.4418540447950363
1 0.12387627363204956 0.18804942071437836 0.2479424774646759 0.37564417719841003
4 0.8094918131828308 0.4054774343967438 0.0883791446685791 0.2771889567375183
