1 0.6512387990951538 0.4971317797899246 0.2564936876296997 0.42229709029197693
5 0.5021810531616211 0.7525136470794678 0.6809066534042358 0.11098742485046387
5 0.8286305069923401 0.7822681665420532 0.33944523334503174 0.03732001781463623
5 0.36166051030158997 0.6416754722595215 0.2410983443260193 0.05157613754272461
5 0.9802400171756744 0.3852164223790169 0.039524734020233154 0.3752157539129257
5 0.41785167902708054 0.6421313881874084 0.3537067323923111 0.05365931987762451
5 0.6672772914171219 0.8006781339645386 0.6645279824733734 0.07391929626464844
5 0.9438996315002441 0.3879649192094803 0.03459775447845459 0.3713746964931488
1 0.6512387990951538 0.4971317797899246 0.2564936876296997 0.42229709029197693
5 0.5021810531616211 0.7525136470794678 0.6809066534042358 0.11098742485046387
5 0.8286305069923401 0.7822681665420532 0.33944523334503174 0.03732001781463623
5 0.36166051030158997 0.6416754722595215 0.2410983443260193 0.05157613754272461
5 0.9802400171756744 0.3852164223790169 0.039524734020233154 0.3752157539129257
5 0.41785167902708054 0.6421313881874084 0.3537067323923111 0.05365931987762451
5 0.6672772914171219 0.8006781339645386 0.6645279824733734 0.07391929626464844
5 0.9438996315002441 0.3879649192094803 0.03459775447845459 0.3713746964931488
