3 0.6579096913337708 0.74260413646698 0.16947102546691895 0.2169736623764038
1 0.3287002146244049 0.505163311958313 0.08469945192337036 0.16384923458099365
1 0.1655810885131359 0.5273256450891495 0.14483819156885147 0.1995294988155365
1 0.32579469680786133 0.4754040688276291 0.07731741666793823 0.10348430275917053
1 0.345910906791687 0.5080445259809494 0.11874687671661377 0.1701677143573761
1 0.06202668882906437 0.5740003436803818 0.12347466871142387 0.2575102150440216
1 0.37891584634780884 0.5082550644874573 0.05762434005737305 0.14750456809997559
3 0.6579096913337708 0.74260413646698 0.16947102546691895 0.2169736623764038
1 0.3287002146244049 0.505163311958313 0.08469945192337036 0.16384923458099365
1 0.1655810885131359 0.5273256450891495 0.14483819156885147 0.1995294988155365
1 0.32579469680786133 0.4754040688276291 0.07731741666793823 0.10348430275917053
1 0.345910906791687 0.5080445259809494 0.11874687671661377 0.1701677143573761
1 0.06202668882906437 0.5740003436803818 0.12347466871142387 0.2575102150440216
1 0.37891584634780884 0.5082550644874573 0.05762434005737305 0.14750456809997559
