2 0.19642412662506104 0.5606167316436768 0.08022356033325195 0.09467899799346924
1 0.40001654624938965 0.7892431616783142 0.285003662109375 0.23476243019104004
2 0.7922249436378479 0.45159512758255005 0.0989999771118164 0.14635825157165527
2 0.10843409597873688 0.5606516599655151 0.0524333119392395 0.09881401062011719
2 0.5918188691139221 0.5955307483673096 0.3933708667755127 0.4693347215652466
2 0.7295756936073303 0.4726056158542633 0.06296777725219727 0.07776814699172974
1 0.4144504517316818 0.7314305305480957 0.31433144211769104 0.3541601896286011
2 0.7965973019599915 0.3872090131044388 0.1130828857421875 0.27578601241111755
2 0.7143213152885437 0.44186027348041534 0.09107100963592529 0.1454518735408783
1 0.03848916292190552 0.9131147265434265 0.07708758115768433 0.17305505275726318
2 0.5903645753860474 0.6577910631895065 0.3973805904388428 0.595581442117691
2 0.19642412662506104 0.5606167316436768 0.08022356033325195 0.09467899799346924
1 0.40001654624938965 0.7892431616783142 0.285003662109375 0.23476243019104004
2 0.7922249436378479 0.45159512758255005 0.0989999771118164 0.14635825157165527
2 0.10843409597873688 0.5606516599655151 0.0524333119392395 0.09881401062011719
2 0.5918188691139221 0.5955307483673096 0.3933708667755127 0.4693347215652466
2 0.7295756936073303 0.4726056158542633 0.06296777725219727 0.07776814699172974
1 0.4144504517316818 0.7314305305480957 0.31433144211769104 0.3541601896286011
2 0.7965973019599915 0.3872090131044388 0.1130828857421875 0.27578601241111755
2 0.7143213152885437 0.44186027348041534 0.09107100963592529 0.1454518735408783
1 0.03848916292190552 0.9131147265434265 0.07708758115768433 0.17305505275726318
2 0.5903645753860474 0.6577910631895065 0.3973805904388428 0.595581442117691
