1 0.518242 0.529785 0.635898 0.783516
4 0.077432 0.112471 0.154863 0.191152
4 0.253281 0.143691 0.155195 0.200625
4 0.408467 0.039609 0.128691 0.075703
4 0.393330 0.192900 0.105996 0.200605
4 0.085000 0.318760 0.170000 0.175996
4 0.258008 0.330117 0.168437 0.172227
4 0.075537 0.489092 0.151074 0.145723
4 0.255176 0.490986 0.185469 0.141934
4 0.053770 0.781494 0.107539 0.140059
4 0.848076 0.747432 0.303848 0.060566
4 0.938916 0.788125 0.122168 0.062461
4 0.903906 0.849629 0.192187 0.121133
4 0.889707 0.948994 0.220586 0.070020
4 0.795508 0.972129 0.198711 0.055742
4 0.726426 0.694434 0.177891 0.075703
4 0.294912 0.736084 0.200605 0.052988
4 0.126641 0.950371 0.253281 0.099258
4 0.917148 0.698223 0.165703 0.045430
4 0.724541 0.649014 0.170332 0.060566
4 0.090684 0.657539 0.181367 0.126797
4 0.203115 0.649014 0.149512 0.060566
4 0.313838 0.668887 0.143848 0.058672
1 0.848076 0.354727 0.303848 0.626445
4 0.865107 0.252520 0.269785 0.123008
4 0.865107 0.404873 0.269785 0.140059
4 0.915264 0.122881 0.169473 0.128691
