3 0.527705 0.586562 0.196816 0.397461
4 0.131201 0.053867 0.123027 0.107734
4 0.129307 0.163564 0.149512 0.183574
4 0.126475 0.322549 0.128691 0.149512
4 0.118906 0.478682 0.147617 0.143848
4 0.240977 0.368916 0.085156 0.121113
4 0.222041 0.490039 0.077598 0.105977
4 0.239082 0.240215 0.096523 0.143828
4 0.230566 0.114365 0.075703 0.187363
4 0.974873 0.275234 0.050254 0.164648
4 0.969199 0.077451 0.061602 0.140059
4 0.878779 0.189121 0.054902 0.117344
4 0.883516 0.345254 0.045430 0.104102
4 0.883506 0.473955 0.056777 0.077598
4 0.885400 0.602646 0.045410 0.115449
4 0.972041 0.477744 0.055918 0.160879
4 0.805918 0.380273 0.075703 0.105977
4 0.823887 0.574268 0.054883 0.073809
4 0.813486 0.474893 0.068145 0.060566
4 0.809697 0.263877 0.068145 0.104082
