4 0.455212265253067 0.6033520698547363 0.6685985922813416 0.6493594646453857
1 0.845895528793335 0.5349092334508896 0.11903822422027588 0.3364551365375519
1 0.0673545952886343 0.5336408615112305 0.11560307815670967 0.3452955484390259
2 0.4516688883304596 0.19982953369617462 0.13522261381149292 0.0689418613910675
1 0.3838822543621063 0.25811565667390823 0.3737272620201111 0.05942206084728241
2 0.38374991714954376 0.22707897424697876 0.37445268034935 0.12083613872528076
1 0.8210455775260925 0.5344825387001038 0.06996989250183105 0.3348073959350586
4 0.455212265253067 0.6033520698547363 0.6685985922813416 0.6493594646453857
1 0.845895528793335 0.5349092334508896 0.11903822422027588 0.3364551365375519
1 0.0673545952886343 0.5336408615112305 0.11560307815670967 0.3452955484390259
2 0.4516688883304596 0.19982953369617462 0.13522261381149292 0.0689418613910675
1 0.3838822543621063 0.25811565667390823 0.3737272620201111 0.05942206084728241
2 0.38374991714954376 0.22707897424697876 0.37445268034935 0.12083613872528076
1 0.8210455775260925 0.5344825387001038 0.06996989250183105 0.3348073959350586
