5 0.16180184110999107 0.5047727227210999 0.12697387486696243 0.3065382242202759
5 0.15758739411830902 0.12300822883844376 0.11421182751655579 0.24602459371089935
5 0.1475449800491333 0.8486918807029724 0.10281655192375183 0.302356481552124
5 0.8924000859260559 0.4999288320541382 0.21530616283416748 0.999998927116394
5 0.8984346389770508 0.32030177116394043 0.20312857627868652 0.21943604946136475
5 0.7912645936012268 0.49967728555202484 0.4175459146499634 0.9999995529651642
5 0.9099283218383789 0.08542454615235329 0.17966842651367188 0.1710796281695366
5 0.16180184110999107 0.5047727227210999 0.12697387486696243 0.3065382242202759
5 0.15758739411830902 0.12300822883844376 0.11421182751655579 0.24602459371089935
5 0.1475449800491333 0.8486918807029724 0.10281655192375183 0.302356481552124
5 0.8924000859260559 0.4999288320541382 0.21530616283416748 0.999998927116394
5 0.8984346389770508 0.32030177116394043 0.20312857627868652 0.21943604946136475
5 0.7912645936012268 0.49967728555202484 0.4175459146499634 0.9999995529651642
5 0.9099283218383789 0.08542454615235329 0.17966842651367188 0.1710796281695366
