3 0.5119180679321289 0.5958350300788879 0.2419741153717041 0.26973390579223633
5 0.9374969005584717 0.5252119898796082 0.12462449073791504 0.0504683256149292
5 0.08324169740080833 0.48820866644382477 0.16603673249483109 0.0668470561504364
5 0.11983445659279823 0.6157633662223816 0.23872505873441696 0.0714719295501709
5 0.13448233157396317 0.6496869921684265 0.2678212970495224 0.07692539691925049
5 0.9074361324310303 0.5716484785079956 0.18459737300872803 0.08852338790893555
5 0.10046130791306496 0.5575264692306519 0.200676791369915 0.10421383380889893
5 0.10050901025533676 0.5243634581565857 0.20016781985759735 0.038958191871643066
5 0.02936461102217436 0.7618613243103027 0.05850503779947758 0.13562238216400146
5 0.08780365437269211 0.5722147822380066 0.17538507282733917 0.07413554191589355
5 0.13386869430541992 0.5723080486059189 0.2670251727104187 0.2343159019947052
5 0.9071338772773743 0.5589080452919006 0.18491888046264648 0.11771059036254883
5 0.9162383079528809 0.5829896926879883 0.16714155673980713 0.06312119960784912
