2 0.5307918041944504 0.6320610046386719 0.2512628138065338 0.44005417823791504
2 0.1197427362203598 0.67881740629673 0.23938041925430298 0.43584010004997253
5 0.32527536153793335 0.4947185516357422 0.11905407905578613 0.07345473766326904
5 0.30314984917640686 0.4083903729915619 0.07760119438171387 0.06939047574996948
5 0.4406466484069824 0.24843813478946686 0.08417922258377075 0.0689251720905304
5 0.3217373490333557 0.3194687068462372 0.11020219326019287 0.06859511137008667
5 0.43641117215156555 0.33483853936195374 0.07073801755905151 0.05600684881210327
2 0.5307918041944504 0.6320610046386719 0.2512628138065338 0.44005417823791504
2 0.1197427362203598 0.67881740629673 0.23938041925430298 0.43584010004997253
5 0.32527536153793335 0.4947185516357422 0.11905407905578613 0.07345473766326904
5 0.30314984917640686 0.4083903729915619 0.07760119438171387 0.06939047574996948
5 0.4406466484069824 0.24843813478946686 0.08417922258377075 0.0689251720905304
5 0.3217373490333557 0.3194687068462372 0.11020219326019287 0.06859511137008667
5 0.43641117215156555 0.33483853936195374 0.07073801755905151 0.05600684881210327
