1 0.40284255146980286 0.37975800037384033 0.09723412990570068 0.19213759899139404
1 0.7114731073379517 0.2715694233775139 0.15597128868103027 0.19092358648777008
1 0.21394534409046173 0.41849184036254883 0.12149468064308167 0.13834619522094727
1 0.23725691437721252 0.4171096086502075 0.16748934984207153 0.13575077056884766
1 0.7128864526748657 0.24845676869153976 0.15150237083435059 0.1430363804101944
1 0.40284255146980286 0.37975800037384033 0.09723412990570068 0.19213759899139404
1 0.7114731073379517 0.2715694233775139 0.15597128868103027 0.19092358648777008
1 0.21394534409046173 0.41849184036254883 0.12149468064308167 0.13834619522094727
1 0.23725691437721252 0.4171096086502075 0.16748934984207153 0.13575077056884766
1 0.7128864526748657 0.24845676869153976 0.15150237083435059 0.1430363804101944
