1 0.5120905190706253 0.5800515413284302 0.5123065412044525 0.41218364238739014
1 0.07045378535985947 0.5784605145454407 0.14106924831867218 0.3900022506713867
2 0.2027057558298111 0.42896732687950134 0.09106004238128662 0.10433840751647949
2 0.9351742267608643 0.11669027432799339 0.12969636917114258 0.23255450278520584
2 0.1374564990401268 0.28845762461423874 0.2748856097459793 0.38046254217624664
2 0.9547130167484283 0.05706135928630829 0.0906941294670105 0.11342215538024902
1 0.5120905190706253 0.5800515413284302 0.5123065412044525 0.41218364238739014
1 0.07045378535985947 0.5784605145454407 0.14106924831867218 0.3900022506713867
2 0.2027057558298111 0.42896732687950134 0.09106004238128662 0.10433840751647949
2 0.9351742267608643 0.11669027432799339 0.12969636917114258 0.23255450278520584
2 0.1374564990401268 0.28845762461423874 0.2748856097459793 0.38046254217624664
2 0.9547130167484283 0.05706135928630829 0.0906941294670105 0.11342215538024902
