5 0.6037220656871796 0.6640638113021851 0.7928033471107483 0.4457894563674927
5 0.20042115449905396 0.2851041853427887 0.15563446283340454 0.569182813167572
5 0.07488617300987244 0.2974909245967865 0.14445120096206665 0.5941182971000671
5 0.34297603368759155 0.270706906914711 0.16674083471298218 0.5403346717357635
5 0.6449241042137146 0.23071842640638351 0.1456540822982788 0.4605853706598282
5 0.5116418600082397 0.24779127538204193 0.1282806396484375 0.49437788128852844
5 0.8020423054695129 0.2163122519850731 0.13349056243896484 0.43189437687397003
5 0.4355642944574356 0.2995509058237076 0.8702702224254608 0.5979499518871307
5 0.6037220656871796 0.6640638113021851 0.7928033471107483 0.4457894563674927
5 0.20042115449905396 0.2851041853427887 0.15563446283340454 0.569182813167572
5 0.07488617300987244 0.2974909245967865 0.14445120096206665 0.5941182971000671
5 0.34297603368759155 0.270706906914711 0.16674083471298218 0.5403346717357635
5 0.6449241042137146 0.23071842640638351 0.1456540822982788 0.4605853706598282
5 0.5116418600082397 0.24779127538204193 0.1282806396484375 0.49437788128852844
5 0.8020423054695129 0.2163122519850731 0.13349056243896484 0.43189437687397003
5 0.4355642944574356 0.2995509058237076 0.8702702224254608 0.5979499518871307
