2 0.10116489604115486 0.5324164032936096 0.18062862008810043 0.26213645935058594
4 0.5030926913022995 0.866309404373169 0.9671041071414948 0.2652750015258789
2 0.2600593566894531 0.441448450088501 0.17767715454101562 0.3285830020904541
1 0.19006330519914627 0.533706545829773 0.13113032281398773 0.141759991645813
1 0.6718142181634903 0.5674914717674255 0.6561145484447479 0.3675576448440552
1 0.1277749314904213 0.5344835370779037 0.2556273192167282 0.14539507031440735
2 0.10116489604115486 0.5324164032936096 0.18062862008810043 0.26213645935058594
4 0.5030926913022995 0.866309404373169 0.9671041071414948 0.2652750015258789
2 0.2600593566894531 0.441448450088501 0.17767715454101562 0.3285830020904541
1 0.19006330519914627 0.533706545829773 0.13113032281398773 0.141759991645813
1 0.6718142181634903 0.5674914717674255 0.6561145484447479 0.3675576448440552
1 0.1277749314904213 0.5344835370779037 0.2556273192167282 0.14539507031440735
