3 0.828056812286377 0.637617290019989 0.15312445163726807 0.3149837255477905
2 0.4505409896373749 0.5702322125434875 0.7199057936668396 0.5534893274307251
2 0.933907687664032 0.6534830927848816 0.13061583042144775 0.13058459758758545
2 0.8173248767852783 0.5693311095237732 0.23089993000030518 0.45196402072906494
3 0.9014843702316284 0.7610688805580139 0.1958158016204834 0.2564159631729126
2 0.9011516571044922 0.7395934462547302 0.19657659530639648 0.3019968271255493
2 0.7278545498847961 0.47138242423534393 0.062207698822021484 0.14362302422523499
3 0.7280744314193726 0.5041342973709106 0.05627024173736572 0.07465898990631104
3 0.5083160996437073 0.7202319502830505 0.2653944492340088 0.25844740867614746
3 0.828056812286377 0.637617290019989 0.15312445163726807 0.3149837255477905
2 0.4505409896373749 0.5702322125434875 0.7199057936668396 0.5534893274307251
2 0.933907687664032 0.6534830927848816 0.13061583042144775 0.13058459758758545
2 0.8173248767852783 0.5693311095237732 0.23089993000030518 0.45196402072906494
3 0.9014843702316284 0.7610688805580139 0.1958158016204834 0.2564159631729126
2 0.9011516571044922 0.7395934462547302 0.19657659530639648 0.3019968271255493
2 0.7278545498847961 0.47138242423534393 0.062207698822021484 0.14362302422523499
3 0.7280744314193726 0.5041342973709106 0.05627024173736572 0.07465898990631104
3 0.5083160996437073 0.7202319502830505 0.2653944492340088 0.25844740867614746
