3 0.502964973449707 0.4812450110912323 0.1290144920349121 0.19928842782974243
2 0.5166882276535034 0.4281205087900162 0.20566046237945557 0.30591461062431335
3 0.0436965748667717 0.46261531114578247 0.08748862147331238 0.23651111125946045
1 0.6571530103683472 0.6965278536081314 0.6853495836257935 0.6058716475963593
2 0.0977296456694603 0.3562111631035805 0.19582344591617584 0.44680456817150116
1 0.27297819405794144 0.6990949511528015 0.4455636590719223 0.6015020608901978
1 0.25196191668510437 0.6971885114908218 0.5034406781196594 0.6049477756023407
3 0.502964973449707 0.4812450110912323 0.1290144920349121 0.19928842782974243
2 0.5166882276535034 0.4281205087900162 0.20566046237945557 0.30591461062431335
3 0.0436965748667717 0.46261531114578247 0.08748862147331238 0.23651111125946045
1 0.6571530103683472 0.6965278536081314 0.6853495836257935 0.6058716475963593
2 0.0977296456694603 0.3562111631035805 0.19582344591617584 0.44680456817150116
1 0.27297819405794144 0.6990949511528015 0.4455636590719223 0.6015020608901978
1 0.25196191668510437 0.6971885114908218 0.5034406781196594 0.6049477756023407
