2 0.1135532595217228 0.3621133863925934 0.14215337485074997 0.19266581535339355
1 0.5205297321081161 0.657430112361908 0.39109304547309875 0.6837153434753418
2 0.23736370354890823 0.35831576585769653 0.0719451755285263 0.0836249589920044
1 0.21642716228961945 0.7568342685699463 0.2782956659793854 0.4845092296600342
2 0.9633157849311829 0.34286272525787354 0.07333111763000488 0.1574762463569641
2 0.1135532595217228 0.3621133863925934 0.14215337485074997 0.19266581535339355
1 0.5205297321081161 0.657430112361908 0.39109304547309875 0.6837153434753418
2 0.23736370354890823 0.35831576585769653 0.0719451755285263 0.0836249589920044
1 0.21642716228961945 0.7568342685699463 0.2782956659793854 0.4845092296600342
2 0.9633157849311829 0.34286272525787354 0.07333111763000488 0.1574762463569641
