4 0.46215078234672546 0.5443535894155502 0.18468278646469116 0.35280492901802063
2 0.8336963653564453 0.657381534576416 0.33260059356689453 0.6743873357772827
2 0.8915112018585205 0.35149723291397095 0.21409976482391357 0.06892126798629761
2 0.8916823863983154 0.5019714832305908 0.2166454792022705 0.37251579761505127
2 0.8917901515960693 0.45671963691711426 0.21600854396820068 0.28066790103912354
2 0.8342908620834351 0.6037205457687378 0.3309478759765625 0.5670063495635986
2 0.8920928835868835 0.45117565989494324 0.21547198295593262 0.2675243020057678
4 0.46215078234672546 0.5443535894155502 0.18468278646469116 0.35280492901802063
2 0.8336963653564453 0.657381534576416 0.33260059356689453 0.6743873357772827
2 0.8915112018585205 0.35149723291397095 0.21409976482391357 0.06892126798629761
2 0.8916823863983154 0.5019714832305908 0.2166454792022705 0.37251579761505127
2 0.8917901515960693 0.45671963691711426 0.21600854396820068 0.28066790103912354
2 0.8342908620834351 0.6037205457687378 0.3309478759765625 0.5670063495635986
2 0.8920928835868835 0.45117565989494324 0.21547198295593262 0.2675243020057678
