2 0.7910317182540894 0.5871573686599731 0.41832542419433594 0.3513050079345703
1 0.5286455303430557 0.57985919713974 0.5443653762340546 0.8219603300094604
2 0.3981984704732895 0.6692711114883423 0.5086267292499542 0.2162768840789795
2 0.5723451673984528 0.5931152701377869 0.8557564616203308 0.36592042446136475
2 0.3128303587436676 0.6716374754905701 0.337915301322937 0.21199440956115723
2 0.49957549571990967 0.6000455617904663 0.708380937576294 0.35061049461364746
2 0.7215531468391418 0.5925054550170898 0.27137577533721924 0.3391380310058594
2 0.7910317182540894 0.5871573686599731 0.41832542419433594 0.3513050079345703
1 0.5286455303430557 0.57985919713974 0.5443653762340546 0.8219603300094604
2 0.3981984704732895 0.6692711114883423 0.5086267292499542 0.2162768840789795
2 0.5723451673984528 0.5931152701377869 0.8557564616203308 0.36592042446136475
2 0.3128303587436676 0.6716374754905701 0.337915301322937 0.21199440956115723
2 0.49957549571990967 0.6000455617904663 0.708380937576294 0.35061049461364746
2 0.7215531468391418 0.5925054550170898 0.27137577533721924 0.3391380310058594
