2 0.18790998309850693 0.5537773817777634 0.37563879787921906 0.5533482134342194
1 0.25856100767850876 0.27117159962654114 0.45904089510440826 0.5414000153541565
4 0.48443742096424103 0.6672475785017014 0.3704129159450531 0.5839933454990387
2 0.9325886368751526 0.8162354230880737 0.13360154628753662 0.295393705368042
4 0.487038791179657 0.5931703597307205 0.46167421340942383 0.7328799664974213
4 0.4819389879703522 0.6219918578863144 0.38113874197006226 0.6746938526630402
2 0.18790998309850693 0.5537773817777634 0.37563879787921906 0.5533482134342194
1 0.25856100767850876 0.27117159962654114 0.45904089510440826 0.5414000153541565
4 0.48443742096424103 0.6672475785017014 0.3704129159450531 0.5839933454990387
2 0.9325886368751526 0.8162354230880737 0.13360154628753662 0.295393705368042
4 0.487038791179657 0.5931703597307205 0.46167421340942383 0.7328799664974213
4 0.4819389879703522 0.6219918578863144 0.38113874197006226 0.6746938526630402
