2 0.5261475443840027 0.47873109579086304 0.16674542427062988 0.2806282043457031
3 0.32780641317367554 0.5014750361442566 0.19227993488311768 0.35769593715667725
1 0.7795565724372864 0.6674484610557556 0.4400855302810669 0.4226052761077881
1 0.23685510456562042 0.7091565132141113 0.47340425848960876 0.5757578611373901
2 0.13284820318222046 0.3991253674030304 0.26592713594436646 0.16533464193344116
1 0.660926878452301 0.5539295077323914 0.16128993034362793 0.08156049251556396
1 0.6501682996749878 0.6936788558959961 0.18734478950500488 0.3630392551422119
2 0.5261475443840027 0.47873109579086304 0.16674542427062988 0.2806282043457031
3 0.32780641317367554 0.5014750361442566 0.19227993488311768 0.35769593715667725
1 0.7795565724372864 0.6674484610557556 0.4400855302810669 0.4226052761077881
1 0.23685510456562042 0.7091565132141113 0.47340425848960876 0.5757578611373901
2 0.13284820318222046 0.3991253674030304 0.26592713594436646 0.16533464193344116
1 0.660926878452301 0.5539295077323914 0.16128993034362793 0.08156049251556396
1 0.6501682996749878 0.6936788558959961 0.18734478950500488 0.3630392551422119
