4 0.5697973519563675 0.5804628133773804 0.20840701460838318 0.254941463470459
5 0.18358094990253448 0.49381935596466064 0.36571893095970154 0.9858081340789795
5 0.8591434359550476 0.6496684551239014 0.2785975933074951 0.33434736728668213
5 0.8371284604072571 0.49914900958538055 0.3237295150756836 0.9995328485965729
5 0.8501328825950623 0.25172531604766846 0.2971416711807251 0.33698463439941406
5 0.7939313650131226 0.05628821440041065 0.17356956005096436 0.1127173863351345
4 0.5697973519563675 0.5804628133773804 0.20840701460838318 0.254941463470459
5 0.18358094990253448 0.49381935596466064 0.36571893095970154 0.9858081340789795
5 0.8591434359550476 0.6496684551239014 0.2785975933074951 0.33434736728668213
5 0.8371284604072571 0.49914900958538055 0.3237295150756836 0.9995328485965729
5 0.8501328825950623 0.25172531604766846 0.2971416711807251 0.33698463439941406
5 0.7939313650131226 0.05628821440041065 0.17356956005096436 0.1127173863351345
