2 0.33855897933244705 0.4517710357904434 0.3970233052968979 0.6317538917064667
2 0.6717317700386047 0.5252958536148071 0.07899057865142822 0.11515724658966064
1 0.4385984539985657 0.6761514544487 0.10313838720321655 0.16803693771362305
1 0.7563568353652954 0.7506396174430847 0.48749637603759766 0.4926149845123291
1 0.07164445891976357 0.7786737680435181 0.143231563270092 0.4403635263442993
2 0.037863949313759804 0.48902854323387146 0.07557572051882744 0.1450558304786682
2 0.33855897933244705 0.4517710357904434 0.3970233052968979 0.6317538917064667
2 0.6717317700386047 0.5252958536148071 0.07899057865142822 0.11515724658966064
1 0.4385984539985657 0.6761514544487 0.10313838720321655 0.16803693771362305
1 0.7563568353652954 0.7506396174430847 0.48749637603759766 0.4926149845123291
1 0.07164445891976357 0.7786737680435181 0.143231563270092 0.4403635263442993
2 0.037863949313759804 0.48902854323387146 0.07557572051882744 0.1450558304786682
