4 0.4847472459077835 0.7455711960792542 0.15001806616783142 0.36151182651519775
2 0.6991353631019592 0.5098243355751038 0.14157521724700928 0.21947717666625977
2 0.31383227556943893 0.559220016002655 0.1768791824579239 0.2187061309814453
2 0.8640193343162537 0.5770494490861893 0.2625340223312378 0.39747676253318787
2 0.8929468393325806 0.6394859552383423 0.2118682861328125 0.278702974319458
2 0.7932966947555542 0.5303003191947937 0.12259864807128906 0.3031902313232422
4 0.4847472459077835 0.7455711960792542 0.15001806616783142 0.36151182651519775
2 0.6991353631019592 0.5098243355751038 0.14157521724700928 0.21947717666625977
2 0.31383227556943893 0.559220016002655 0.1768791824579239 0.2187061309814453
2 0.8640193343162537 0.5770494490861893 0.2625340223312378 0.39747676253318787
2 0.8929468393325806 0.6394859552383423 0.2118682861328125 0.278702974319458
2 0.7932966947555542 0.5303003191947937 0.12259864807128906 0.3031902313232422
