5 0.6724177002906799 0.8595981001853943 0.3806722164154053 0.1225813627243042
1 0.9200392067432404 0.42231494188308716 0.16012924909591675 0.221696138381958
4 0.2076294794678688 0.7608197331428528 0.37369994819164276 0.3151358366012573
1 0.20760444551706314 0.7055021524429321 0.37630073726177216 0.42807114124298096
5 0.6689106822013855 0.8386964201927185 0.3726872205734253 0.07901453971862793
5 0.6827818155288696 0.8898270726203918 0.353804349899292 0.06176316738128662
5 0.6724177002906799 0.8595981001853943 0.3806722164154053 0.1225813627243042
1 0.9200392067432404 0.42231494188308716 0.16012924909591675 0.221696138381958
4 0.2076294794678688 0.7608197331428528 0.37369994819164276 0.3151358366012573
1 0.20760444551706314 0.7055021524429321 0.37630073726177216 0.42807114124298096
5 0.6689106822013855 0.8386964201927185 0.3726872205734253 0.07901453971862793
5 0.6827818155288696 0.8898270726203918 0.353804349899292 0.06176316738128662
