5 0.3537115752696991 0.5248608589172363 0.18175941705703735 0.7461533546447754
5 0.5168260931968689 0.5946401804685593 0.16502702236175537 0.5402220785617828
5 0.41960813105106354 0.524533748626709 0.837494820356369 0.8892951011657715
5 0.5737437009811401 0.5138642340898514 0.26290035247802734 0.5206328332424164
5 0.16275964677333832 0.539273202419281 0.07776319980621338 0.7918959856033325
5 0.23744870722293854 0.5429439544677734 0.08249226212501526 0.7716822624206543
5 0.5589689165353775 0.5570732355117798 0.16043159365653992 0.46117401123046875
5 0.3537115752696991 0.5248608589172363 0.18175941705703735 0.7461533546447754
5 0.5168260931968689 0.5946401804685593 0.16502702236175537 0.5402220785617828
5 0.41960813105106354 0.524533748626709 0.837494820356369 0.8892951011657715
5 0.5737437009811401 0.5138642340898514 0.26290035247802734 0.5206328332424164
5 0.16275964677333832 0.539273202419281 0.07776319980621338 0.7918959856033325
5 0.23744870722293854 0.5429439544677734 0.08249226212501526 0.7716822624206543
5 0.5589689165353775 0.5570732355117798 0.16043159365653992 0.46117401123046875
