4 0.41796571016311646 0.5098730474710464 0.21924173831939697 0.5878510177135468
4 0.6652553677558899 0.567660465836525 0.3376249074935913 0.5469662845134735
4 0.8725647330284119 0.5908892154693604 0.14770197868347168 0.40027618408203125
4 0.939020037651062 0.6782805323600769 0.12155604362487793 0.26226580142974854
1 0.310896098613739 0.6734618544578552 0.2553936243057251 0.3546438217163086
1 0.43535616993904114 0.4027630090713501 0.2525779604911804 0.8043071031570435
1 0.6418315023183823 0.42059198021888733 0.39282849431037903 0.8411545157432556
4 0.31143487244844437 0.7337604761123657 0.2536192983388901 0.2334517240524292
4 0.41796571016311646 0.5098730474710464 0.21924173831939697 0.5878510177135468
4 0.6652553677558899 0.567660465836525 0.3376249074935913 0.5469662845134735
4 0.8725647330284119 0.5908892154693604 0.14770197868347168 0.40027618408203125
4 0.939020037651062 0.6782805323600769 0.12155604362487793 0.26226580142974854
1 0.310896098613739 0.6734618544578552 0.2553936243057251 0.3546438217163086
1 0.43535616993904114 0.4027630090713501 0.2525779604911804 0.8043071031570435
1 0.6418315023183823 0.42059198021888733 0.39282849431037903 0.8411545157432556
4 0.31143487244844437 0.7337604761123657 0.2536192983388901 0.2334517240524292
