1 0.5193628221750259 0.6364785432815552 0.3005330264568329 0.39912939071655273
1 0.1379343420267105 0.5728791952133179 0.27443715929985046 0.45503365993499756
1 0.9281510710716248 0.5868902802467346 0.14358913898468018 0.44811391830444336
1 0.7996379733085632 0.5319263935089111 0.14661061763763428 0.28495943546295166
1 0.22282442077994347 0.5235042423009872 0.23016942292451859 0.3533029854297638
1 0.9279798865318298 0.5282890796661377 0.14369404315948486 0.33028411865234375
1 0.5193628221750259 0.6364785432815552 0.3005330264568329 0.39912939071655273
1 0.1379343420267105 0.5728791952133179 0.27443715929985046 0.45503365993499756
1 0.9281510710716248 0.5868902802467346 0.14358913898468018 0.44811391830444336
1 0.7996379733085632 0.5319263935089111 0.14661061763763428 0.28495943546295166
1 0.22282442077994347 0.5235042423009872 0.23016942292451859 0.3533029854297638
1 0.9279798865318298 0.5282890796661377 0.14369404315948486 0.33028411865234375
