5 0.4509425684809685 0.6542378067970276 0.4483626037836075 0.3983278274536133
1 0.24104570597410202 0.564606785774231 0.48187531530857086 0.3205845355987549
1 0.09887667372822762 0.6182973980903625 0.1977040395140648 0.21346354484558105
1 0.09908198565244675 0.5671374797821045 0.19819407165050507 0.31767892837524414
1 0.2487461045384407 0.5252634882926941 0.19785188138484955 0.23435533046722412
5 0.4509425684809685 0.6542378067970276 0.4483626037836075 0.3983278274536133
1 0.24104570597410202 0.564606785774231 0.48187531530857086 0.3205845355987549
1 0.09887667372822762 0.6182973980903625 0.1977040395140648 0.21346354484558105
1 0.09908198565244675 0.5671374797821045 0.19819407165050507 0.31767892837524414
1 0.2487461045384407 0.5252634882926941 0.19785188138484955 0.23435533046722412
