5 0.504697322845459 0.6960554718971252 0.9899145364761353 0.2880713939666748
2 0.6640110015869141 0.44821280241012573 0.17611992359161377 0.15531706809997559
2 0.22820347547531128 0.4653192460536957 0.4321708083152771 0.2518593668937683
5 0.6488678455352783 0.5453374981880188 0.18382978439331055 0.04460108280181885
2 0.07709755748510361 0.5356404632329941 0.1540565937757492 0.20721963047981262
5 0.504697322845459 0.6960554718971252 0.9899145364761353 0.2880713939666748
2 0.6640110015869141 0.44821280241012573 0.17611992359161377 0.15531706809997559
2 0.22820347547531128 0.4653192460536957 0.4321708083152771 0.2518593668937683
5 0.6488678455352783 0.5453374981880188 0.18382978439331055 0.04460108280181885
2 0.07709755748510361 0.5356404632329941 0.1540565937757492 0.20721963047981262
