3 0.8347851037979126 0.7027684301137924 0.2006216049194336 0.5520553886890411
2 0.2125542089343071 0.6380119472742081 0.42416633665561676 0.7154075801372528
2 0.6068813800811768 0.7287476062774658 0.14094877243041992 0.22946035861968994
2 0.6938972473144531 0.6443732380867004 0.21695077419281006 0.4726463556289673
2 0.9168103933334351 0.563252866268158 0.16618454456329346 0.669045090675354
8 0.38866162300109863 0.7549405097961426 0.16697394847869873 0.2199857234954834
3 0.14436429738998413 0.8647703528404236 0.09027829766273499 0.20163333415985107
2 0.19298995286226273 0.4992776960134506 0.38620780408382416 0.9977855980396271
2 0.7928346991539001 0.5633552819490433 0.41490352153778076 0.6696167886257172
2 0.3564060106873512 0.7313053011894226 0.22910301387310028 0.2703465223312378
3 0.08555968850851059 0.8522834181785583 0.1701933890581131 0.29062211513519287
