1 0.49129635095596313 0.5689931660890579 0.7064200639724731 0.7889467179775238
2 0.13607579097151756 0.65081387758255 0.1888338401913643 0.39921510219573975
2 0.880150318145752 0.6493397951126099 0.23943960666656494 0.4219999313354492
2 0.8308660984039307 0.6496342569589615 0.33738577365875244 0.42227861285209656
2 0.7727815508842468 0.6482701301574707 0.22565734386444092 0.41253411769866943
2 0.11512322351336479 0.6510168462991714 0.2301335707306862 0.4053344428539276
1 0.49129635095596313 0.5689931660890579 0.7064200639724731 0.7889467179775238
2 0.13607579097151756 0.65081387758255 0.1888338401913643 0.39921510219573975
2 0.880150318145752 0.6493397951126099 0.23943960666656494 0.4219999313354492
2 0.8308660984039307 0.6496342569589615 0.33738577365875244 0.42227861285209656
2 0.7727815508842468 0.6482701301574707 0.22565734386444092 0.41253411769866943
2 0.11512322351336479 0.6510168462991714 0.2301335707306862 0.4053344428539276
