3 0.5386695712804794 0.6787987351417542 0.2751448452472687 0.3182872533798218
1 0.9278576374053955 0.6177126169204712 0.14412200450897217 0.2054741382598877
1 0.38242723047733307 0.5508463978767395 0.7643027007579803 0.3969845771789551
1 0.9279704689979553 0.5533239245414734 0.1438075304031372 0.3386448621749878
1 0.9277745485305786 0.5055938363075256 0.14431548118591309 0.4383443593978882
3 0.5386695712804794 0.6787987351417542 0.2751448452472687 0.3182872533798218
1 0.9278576374053955 0.6177126169204712 0.14412200450897217 0.2054741382598877
1 0.38242723047733307 0.5508463978767395 0.7643027007579803 0.3969845771789551
1 0.9279704689979553 0.5533239245414734 0.1438075304031372 0.3386448621749878
1 0.9277745485305786 0.5055938363075256 0.14431548118591309 0.4383443593978882
