4 0.472822 0.976865 0.219551 0.046270
4 0.842822 0.689717 0.270645 0.497754
4 0.856592 0.205205 0.286816 0.403105
4 0.632744 0.776768 0.085176 0.297129
4 0.635576 0.537354 0.090840 0.181699
4 0.648828 0.105918 0.113555 0.211836
4 0.638418 0.324443 0.088945 0.157090
4 0.466201 0.609277 0.191152 0.079492
4 0.472822 0.525996 0.177910 0.068125
4 0.468086 0.447451 0.187383 0.070020
4 0.470928 0.372705 0.200605 0.060566
4 0.474717 0.295107 0.204395 0.087051
4 0.474707 0.210889 0.196836 0.077598
4 0.469033 0.119092 0.200605 0.079473
4 0.465244 0.928184 0.140059 0.096523
4 0.223945 0.860469 0.126797 0.279062
4 0.254229 0.674570 0.221426 0.509102
4 0.319521 0.083203 0.124902 0.166406
4 0.070811 0.705801 0.141621 0.575352
4 0.254229 0.199531 0.221426 0.391758
4 0.809697 0.889805 0.208184 0.220391
