3 0.27903831005096436 0.5352901667356491 0.3647043704986572 0.46446695923805237
4 0.5000327825546265 0.8211008906364441 0.9999992847442627 0.349001407623291
4 0.5001442730426788 0.9064333438873291 0.9999999403953552 0.18111920356750488
4 0.7639750242233276 0.2163945659995079 0.4715074300765991 0.23349733650684357
4 0.24284092336893082 0.18685954436659813 0.48466984927654266 0.2336890771985054
4 0.5000349283218384 0.7888545989990234 0.9999995231628418 0.28627657890319824
3 0.27903831005096436 0.5352901667356491 0.3647043704986572 0.46446695923805237
4 0.5000327825546265 0.8211008906364441 0.9999992847442627 0.349001407623291
4 0.5001442730426788 0.9064333438873291 0.9999999403953552 0.18111920356750488
4 0.7639750242233276 0.2163945659995079 0.4715074300765991 0.23349733650684357
4 0.24284092336893082 0.18685954436659813 0.48466984927654266 0.2336890771985054
4 0.5000349283218384 0.7888545989990234 0.9999995231628418 0.28627657890319824
