1 0.4890458881855011 0.6137476116418839 0.2843356728553772 0.6516210734844208
1 0.32971876859664917 0.5678247809410095 0.24201220273971558 0.5209696292877197
1 0.7494326233863831 0.6421850919723511 0.25158441066741943 0.43986284732818604
1 0.19412896037101746 0.8331086039543152 0.09777426719665527 0.220184326171875
1 0.17041409015655518 0.5436490774154663 0.33973443508148193 0.9049407243728638
1 0.8654948472976685 0.4988672733306885 0.2677978277206421 0.9996696710586548
1 0.884508490562439 0.37280648946762085 0.2303469181060791 0.7452647686004639
1 0.4890458881855011 0.6137476116418839 0.2843356728553772 0.6516210734844208
1 0.32971876859664917 0.5678247809410095 0.24201220273971558 0.5209696292877197
1 0.7494326233863831 0.6421850919723511 0.25158441066741943 0.43986284732818604
1 0.19412896037101746 0.8331086039543152 0.09777426719665527 0.220184326171875
1 0.17041409015655518 0.5436490774154663 0.33973443508148193 0.9049407243728638
1 0.8654948472976685 0.4988672733306885 0.2677978277206421 0.9996696710586548
1 0.884508490562439 0.37280648946762085 0.2303469181060791 0.7452647686004639
