3 0.46562060713768005 0.6544893383979797 0.16779786348342896 0.30301225185394287
2 0.1432957574725151 0.526554524898529 0.28472842276096344 0.3431844711303711
2 0.9290353059768677 0.42119690775871277 0.14137327671051025 0.29871779680252075
2 0.20358021557331085 0.09700453653931618 0.1628423035144806 0.14844172447919846
2 0.46128904074430466 0.4980497360229492 0.4463697820901871 0.6158949136734009
2 0.8192065358161926 0.41633348166942596 0.15246164798736572 0.31589117646217346
2 0.7761912941932678 0.4173301160335541 0.23392486572265625 0.31771498918533325
2 0.7222835421562195 0.4608277678489685 0.12957262992858887 0.23200583457946777
3 0.10511169023811817 0.12537622079253197 0.10326388105750084 0.06564194709062576
2 0.10443392768502235 0.10301171988248825 0.10603945702314377 0.11108539998531342
