4 0.6422269344329834 0.5949505418539047 0.7148988246917725 0.5612194836139679
2 0.8172666132450104 0.20517239719629288 0.3655344843864441 0.4102068394422531
1 0.4998956769704819 0.658542275428772 1.0000000298023224 0.679699182510376
1 0.49990300834178925 0.744176372885704 0.9999999105930328 0.5102913677692413
2 0.8171525597572327 0.4999796897172928 0.3658105134963989 0.9989894330501556
1 0.17337501049041748 0.6095515489578247 0.3465847373008728 0.24026668071746826
4 0.6422269344329834 0.5949505418539047 0.7148988246917725 0.5612194836139679
2 0.8172666132450104 0.20517239719629288 0.3655344843864441 0.4102068394422531
1 0.4998956769704819 0.658542275428772 1.0000000298023224 0.679699182510376
1 0.49990300834178925 0.744176372885704 0.9999999105930328 0.5102913677692413
2 0.8171525597572327 0.4999796897172928 0.3658105134963989 0.9989894330501556
1 0.17337501049041748 0.6095515489578247 0.3465847373008728 0.24026668071746826
