2 0.11646532267332077 0.5550358891487122 0.2318747192621231 0.4347137212753296
2 0.44635213911533356 0.5592805296182632 0.5001034438610077 0.6844999492168427
1 0.669328510761261 0.6869742274284363 0.16906392574310303 0.23759400844573975
1 0.670818030834198 0.7145281434059143 0.1613020896911621 0.1798769235610962
1 0.6666664481163025 0.6253031641244888 0.17268455028533936 0.35837599635124207
2 0.11646532267332077 0.5550358891487122 0.2318747192621231 0.4347137212753296
2 0.44635213911533356 0.5592805296182632 0.5001034438610077 0.6844999492168427
1 0.669328510761261 0.6869742274284363 0.16906392574310303 0.23759400844573975
1 0.670818030834198 0.7145281434059143 0.1613020896911621 0.1798769235610962
1 0.6666664481163025 0.6253031641244888 0.17268455028533936 0.35837599635124207
