3 0.497422 0.621582 0.317969 0.630234
4 0.884033 0.374590 0.231934 0.068125
4 0.895391 0.438936 0.209219 0.102207
4 0.853711 0.516533 0.292578 0.124902
4 0.806436 0.575205 0.387129 0.124902
4 0.818740 0.661328 0.362520 0.130586
4 0.813057 0.713369 0.373887 0.158965
4 0.813057 0.796641 0.373887 0.162773
4 0.803594 0.869502 0.392813 0.194941
4 0.051885 0.658477 0.103770 0.071914
4 0.067969 0.706748 0.135937 0.111660
4 0.161650 0.760684 0.323301 0.117344
4 0.168271 0.811777 0.336543 0.121133
4 0.180576 0.868564 0.361152 0.136270
4 0.185312 0.115303 0.370625 0.170332
4 0.188145 0.347148 0.376289 0.176016
4 0.186230 0.557227 0.372461 0.183594
4 0.627070 0.129492 0.475039 0.172227
4 0.948379 0.136123 0.103242 0.162754
4 0.946484 0.323486 0.107031 0.132480
4 0.626113 0.346211 0.492070 0.155195
4 0.648828 0.539248 0.155195 0.098418
4 0.222051 0.719043 0.247930 0.071914
