4 0.534912571310997 0.682560920715332 0.5092833340167999 0.1986393928527832
4 0.40197017788887024 0.9408968091011047 0.8032622933387756 0.11857092380523682
4 0.31934790313243866 0.10306764766573906 0.637751966714859 0.20646701008081436
4 0.30980947613716125 0.39758017659187317 0.6190583109855652 0.26966339349746704
4 0.8393362164497375 0.11120962724089622 0.3212813138961792 0.22236711531877518
4 0.8411353826522827 0.41583797335624695 0.31762659549713135 0.22969824075698853
4 0.9744532108306885 0.64811110496521 0.05109000205993652 0.22147512435913086
4 0.534912571310997 0.682560920715332 0.5092833340167999 0.1986393928527832
4 0.40197017788887024 0.9408968091011047 0.8032622933387756 0.11857092380523682
4 0.31934790313243866 0.10306764766573906 0.637751966714859 0.20646701008081436
4 0.30980947613716125 0.39758017659187317 0.6190583109855652 0.26966339349746704
4 0.8393362164497375 0.11120962724089622 0.3212813138961792 0.22236711531877518
4 0.8411353826522827 0.41583797335624695 0.31762659549713135 0.22969824075698853
4 0.9744532108306885 0.64811110496521 0.05109000205993652 0.22147512435913086
