2 0.19197345152497292 0.7261251211166382 0.16339170187711716 0.4638100862503052
4 0.35011643171310425 0.44950753450393677 0.04903489351272583 0.06639540195465088
1 0.07963692396879196 0.4573097229003906 0.15929611027240753 0.2350376844406128
4 0.5614734292030334 0.4898171126842499 0.06087946891784668 0.12058752775192261
4 0.4475626051425934 0.4657858908176422 0.04623591899871826 0.03278273344039917
2 0.19197345152497292 0.7261251211166382 0.16339170187711716 0.4638100862503052
4 0.35011643171310425 0.44950753450393677 0.04903489351272583 0.06639540195465088
1 0.07963692396879196 0.4573097229003906 0.15929611027240753 0.2350376844406128
4 0.5614734292030334 0.4898171126842499 0.06087946891784668 0.12058752775192261
4 0.4475626051425934 0.4657858908176422 0.04623591899871826 0.03278273344039917
