4 0.5030420422554016 0.6889950633049011 0.31938838958740234 0.3681384325027466
2 0.8883190155029297 0.5654919147491455 0.22335052490234375 0.3964684009552002
2 0.15390927344560623 0.5789166688919067 0.2780524343252182 0.25553619861602783
4 0.5058955550193787 0.9337343573570251 0.2552378177642822 0.13266217708587646
2 0.1847544014453888 0.5827615857124329 0.34053725004196167 0.26300716400146484
4 0.5030420422554016 0.6889950633049011 0.31938838958740234 0.3681384325027466
2 0.8883190155029297 0.5654919147491455 0.22335052490234375 0.3964684009552002
2 0.15390927344560623 0.5789166688919067 0.2780524343252182 0.25553619861602783
4 0.5058955550193787 0.9337343573570251 0.2552378177642822 0.13266217708587646
2 0.1847544014453888 0.5827615857124329 0.34053725004196167 0.26300716400146484
