5 0.48994438350200653 0.6104758381843567 0.19807901978492737 0.19850635528564453
5 0.9453307390213013 0.6003528237342834 0.10860824584960938 0.1045529842376709
1 0.2630108594894409 0.5790244340896606 0.22757941484451294 0.30673539638519287
1 0.4376932382583618 0.44782644510269165 0.09654581546783447 0.12058866024017334
1 0.8386415243148804 0.5388766527175903 0.3182210922241211 0.1361154317855835
1 0.11008640378713608 0.6093538999557495 0.17966024577617645 0.35424184799194336
5 0.48994438350200653 0.6104758381843567 0.19807901978492737 0.19850635528564453
5 0.9453307390213013 0.6003528237342834 0.10860824584960938 0.1045529842376709
1 0.2630108594894409 0.5790244340896606 0.22757941484451294 0.30673539638519287
1 0.4376932382583618 0.44782644510269165 0.09654581546783447 0.12058866024017334
1 0.8386415243148804 0.5388766527175903 0.3182210922241211 0.1361154317855835
1 0.11008640378713608 0.6093538999557495 0.17966024577617645 0.35424184799194336
