4 0.629771888256073 0.6174343824386597 0.15000104904174805 0.25691449642181396
2 0.8747654557228088 0.6221873760223389 0.24871134757995605 0.19602811336517334
2 0.19461442530155182 0.563363566994667 0.38787540793418884 0.3493513762950897
2 0.9352115392684937 0.6217000484466553 0.12779438495635986 0.1953411102294922
2 0.5152835249900818 0.5219049602746964 0.1692826747894287 0.13503584265708923
2 0.14373526722192764 0.562153160572052 0.28631679713726044 0.34762322902679443
2 0.3951050043106079 0.534850001335144 0.08472257852554321 0.10606598854064941
2 0.4773675501346588 0.5218788534402847 0.2482803463935852 0.1354263722896576
4 0.629771888256073 0.6174343824386597 0.15000104904174805 0.25691449642181396
2 0.8747654557228088 0.6221873760223389 0.24871134757995605 0.19602811336517334
2 0.19461442530155182 0.563363566994667 0.38787540793418884 0.3493513762950897
2 0.9352115392684937 0.6217000484466553 0.12779438495635986 0.1953411102294922
2 0.5152835249900818 0.5219049602746964 0.1692826747894287 0.13503584265708923
2 0.14373526722192764 0.562153160572052 0.28631679713726044 0.34762322902679443
2 0.3951050043106079 0.534850001335144 0.08472257852554321 0.10606598854064941
2 0.4773675501346588 0.5218788534402847 0.2482803463935852 0.1354263722896576
