1 0.8439763784408569 0.35878461599349976 0.128121018409729 0.2641429901123047
5 0.5973060578107834 0.6988725662231445 0.8052937090396881 0.26436901092529297
3 0.08270439878106117 0.5133774876594543 0.16539602726697922 0.24073708057403564
5 0.4077550321817398 0.9285620450973511 0.7395672500133514 0.13842666149139404
5 0.5000381171703339 0.8463706374168396 1.0000000596046448 0.21799588203430176
5 0.5000567138195038 0.8662130236625671 1.0000000596046448 0.2596994638442993
5 0.11847692728042603 0.6783129572868347 0.23683321475982666 0.06698596477508545
5 0.5001125931739807 0.6988289952278137 0.9999979734420776 0.26570773124694824
1 0.8439763784408569 0.35878461599349976 0.128121018409729 0.2641429901123047
5 0.5973060578107834 0.6988725662231445 0.8052937090396881 0.26436901092529297
3 0.08270439878106117 0.5133774876594543 0.16539602726697922 0.24073708057403564
5 0.4077550321817398 0.9285620450973511 0.7395672500133514 0.13842666149139404
5 0.5000381171703339 0.8463706374168396 1.0000000596046448 0.21799588203430176
5 0.5000567138195038 0.8662130236625671 1.0000000596046448 0.2596994638442993
5 0.11847692728042603 0.6783129572868347 0.23683321475982666 0.06698596477508545
5 0.5001125931739807 0.6988289952278137 0.9999979734420776 0.26570773124694824
