2 0.7238104939460754 0.6774652600288391 0.5523767471313477 0.6435966491699219
2 0.4713733494281769 0.6242516785860062 0.31589585542678833 0.304269403219223
1 0.7499147653579712 0.37469103932380676 0.1439911127090454 0.2062000036239624
1 0.3045731484889984 0.513415053486824 0.10065954923629761 0.17205676436424255
1 0.7283455729484558 0.43735966086387634 0.08866751194000244 0.07859116792678833
1 0.30396485328674316 0.5661277025938034 0.10554242134094238 0.27862825989723206
1 0.7328224778175354 0.3754339814186096 0.10447418689727783 0.20077407360076904
2 0.7238104939460754 0.6774652600288391 0.5523767471313477 0.6435966491699219
2 0.4713733494281769 0.6242516785860062 0.31589585542678833 0.304269403219223
1 0.7499147653579712 0.37469103932380676 0.1439911127090454 0.2062000036239624
1 0.3045731484889984 0.513415053486824 0.10065954923629761 0.17205676436424255
1 0.7283455729484558 0.43735966086387634 0.08866751194000244 0.07859116792678833
1 0.30396485328674316 0.5661277025938034 0.10554242134094238 0.27862825989723206
1 0.7328224778175354 0.3754339814186096 0.10447418689727783 0.20077407360076904
