1 0.2973318248987198 0.45385517179965973 0.594776839017868 0.5310346782207489
5 0.20250605046749115 0.7588261961936951 0.40560755133628845 0.1972740888595581
5 0.20633436739444733 0.8560343980789185 0.4125940501689911 0.22094964981079102
5 0.20641499012708664 0.8128058314323425 0.41253794729709625 0.13492906093597412
5 0.20576057583093643 0.8946534395217896 0.4120479077100754 0.14438962936401367
1 0.2973318248987198 0.45385517179965973 0.594776839017868 0.5310346782207489
5 0.20250605046749115 0.7588261961936951 0.40560755133628845 0.1972740888595581
5 0.20633436739444733 0.8560343980789185 0.4125940501689911 0.22094964981079102
5 0.20641499012708664 0.8128058314323425 0.41253794729709625 0.13492906093597412
5 0.20576057583093643 0.8946534395217896 0.4120479077100754 0.14438962936401367
