5 0.5900790691375732 0.5793957114219666 0.3336069583892822 0.5297375917434692
5 0.09588683396577835 0.6124715209007263 0.19194121658802032 0.44745004177093506
5 0.8763512969017029 0.6227852255105972 0.24735701084136963 0.43961259722709656
5 0.16215752065181732 0.6524232029914856 0.057039856910705566 0.33797919750213623
5 0.10371159017086029 0.6361311823129654 0.07594659924507141 0.39446279406547546
5 0.07181546837091446 0.6125330924987793 0.1436394602060318 0.44542360305786133
5 0.006710902787744999 0.6153892278671265 0.013353150337934494 0.4352961778640747
5 0.5900790691375732 0.5793957114219666 0.3336069583892822 0.5297375917434692
5 0.09588683396577835 0.6124715209007263 0.19194121658802032 0.44745004177093506
5 0.8763512969017029 0.6227852255105972 0.24735701084136963 0.43961259722709656
5 0.16215752065181732 0.6524232029914856 0.057039856910705566 0.33797919750213623
5 0.10371159017086029 0.6361311823129654 0.07594659924507141 0.39446279406547546
5 0.07181546837091446 0.6125330924987793 0.1436394602060318 0.44542360305786133
5 0.006710902787744999 0.6153892278671265 0.013353150337934494 0.4352961778640747
