4 0.5068963170051575 0.6847067475318909 0.24500763416290283 0.43098878860473633
2 0.09474510699510574 0.6294678449630737 0.18955035507678986 0.2488342523574829
1 0.1648940071463585 0.3422972410917282 0.32918162643909454 0.6503693163394928
4 0.8540552854537964 0.8739020228385925 0.25573158264160156 0.195639967918396
2 0.7758670449256897 0.6180703639984131 0.44810712337493896 0.3926585912704468
1 0.5144752264022827 0.4532773494720459 0.37613797187805176 0.8969852924346924
2 0.6458366960287094 0.620919480919838 0.7077195942401886 0.3938412368297577
4 0.5068963170051575 0.6847067475318909 0.24500763416290283 0.43098878860473633
2 0.09474510699510574 0.6294678449630737 0.18955035507678986 0.2488342523574829
1 0.1648940071463585 0.3422972410917282 0.32918162643909454 0.6503693163394928
4 0.8540552854537964 0.8739020228385925 0.25573158264160156 0.195639967918396
2 0.7758670449256897 0.6180703639984131 0.44810712337493896 0.3926585912704468
1 0.5144752264022827 0.4532773494720459 0.37613797187805176 0.8969852924346924
2 0.6458366960287094 0.620919480919838 0.7077195942401886 0.3938412368297577
