3 0.62904292345047 0.6674808859825134 0.3398549556732178 0.39387238025665283
3 0.6266600489616394 0.772391140460968 0.29980790615081787 0.18337500095367432
3 0.6287863105535507 0.5803101062774658 0.33916762471199036 0.21994757652282715
3 0.6261743903160095 0.6399396657943726 0.32230305671691895 0.1013176441192627
3 0.6289343684911728 0.5331672579050064 0.3397417366504669 0.1253943145275116
3 0.62904292345047 0.6674808859825134 0.3398549556732178 0.39387238025665283
3 0.6266600489616394 0.772391140460968 0.29980790615081787 0.18337500095367432
3 0.6287863105535507 0.5803101062774658 0.33916762471199036 0.21994757652282715
3 0.6261743903160095 0.6399396657943726 0.32230305671691895 0.1013176441192627
3 0.6289343684911728 0.5331672579050064 0.3397417366504669 0.1253943145275116
