5 0.27831876277923584 0.663768470287323 0.2621755003929138 0.23300254344940186
1 0.8210062980651855 0.5620618611574173 0.2960844039916992 0.29484519362449646
2 0.05869644321501255 0.3137581944465637 0.11724377796053886 0.41400134563446045
2 0.05774619057774544 0.4001290053129196 0.11556107550859451 0.23826733231544495
1 0.406541183590889 0.5228491425514221 0.6303864419460297 0.2605057954788208
5 0.27831876277923584 0.663768470287323 0.2621755003929138 0.23300254344940186
1 0.8210062980651855 0.5620618611574173 0.2960844039916992 0.29484519362449646
2 0.05869644321501255 0.3137581944465637 0.11724377796053886 0.41400134563446045
2 0.05774619057774544 0.4001290053129196 0.11556107550859451 0.23826733231544495
1 0.406541183590889 0.5228491425514221 0.6303864419460297 0.2605057954788208
