1 0.3797461539506912 0.5736429691314697 0.7572267949581146 0.8511123657226562
2 0.6925128847360611 0.7152213454246521 0.614930123090744 0.5684994459152222
1 0.1356879398226738 0.6081992834806442 0.2719893604516983 0.7812985479831696
1 0.09425327181816101 0.6077796816825867 0.1885831356048584 0.7805202007293701
2 0.7507102489471436 0.7146787643432617 0.49819517135620117 0.5694458484649658
1 0.3797461539506912 0.5736429691314697 0.7572267949581146 0.8511123657226562
2 0.6925128847360611 0.7152213454246521 0.614930123090744 0.5684994459152222
1 0.1356879398226738 0.6081992834806442 0.2719893604516983 0.7812985479831696
1 0.09425327181816101 0.6077796816825867 0.1885831356048584 0.7805202007293701
2 0.7507102489471436 0.7146787643432617 0.49819517135620117 0.5694458484649658
