1 0.11697053536772728 0.7774369120597839 0.23392165452241898 0.44384586811065674
2 0.4611205458641052 0.5645084977149963 0.6316381692886353 0.8707355260848999
2 0.6825410723686218 0.4937971383333206 0.19133293628692627 0.8043900430202484
2 0.6830219626426697 0.36156192421913147 0.19004714488983154 0.5375513434410095
4 0.8879578709602356 0.5401883125305176 0.17892026901245117 0.21345102787017822
4 0.8884967565536499 0.2877941131591797 0.17935073375701904 0.17759549617767334
1 0.11697053536772728 0.7774369120597839 0.23392165452241898 0.44384586811065674
2 0.4611205458641052 0.5645084977149963 0.6316381692886353 0.8707355260848999
2 0.6825410723686218 0.4937971383333206 0.19133293628692627 0.8043900430202484
2 0.6830219626426697 0.36156192421913147 0.19004714488983154 0.5375513434410095
4 0.8879578709602356 0.5401883125305176 0.17892026901245117 0.21345102787017822
4 0.8884967565536499 0.2877941131591797 0.17935073375701904 0.17759549617767334
