3 0.6585565805435181 0.5954640358686447 0.2802431583404541 0.2041868269443512
5 0.7420622706413269 0.8256633877754211 0.5155607461929321 0.14327168464660645
5 0.255173996090889 0.6457333564758301 0.5106671750545502 0.15928566455841064
5 0.2517141252756119 0.7654540538787842 0.5032617747783661 0.16485750675201416
5 0.7656572163105011 0.7127342224121094 0.4688050150871277 0.12943971157073975
3 0.6585565805435181 0.5954640358686447 0.2802431583404541 0.2041868269443512
5 0.7420622706413269 0.8256633877754211 0.5155607461929321 0.14327168464660645
5 0.255173996090889 0.6457333564758301 0.5106671750545502 0.15928566455841064
5 0.2517141252756119 0.7654540538787842 0.5032617747783661 0.16485750675201416
5 0.7656572163105011 0.7127342224121094 0.4688050150871277 0.12943971157073975
