1 0.7628344297409058 0.6285950690507889 0.47383832931518555 0.6801949441432953
4 0.28347697854042053 0.36729538440704346 0.566615879535675 0.12174701690673828
4 0.28649166226387024 0.7203104496002197 0.5725647807121277 0.1342306137084961
4 0.2654683217406273 0.2837441861629486 0.4121871739625931 0.05746430158615112
4 0.27121907472610474 0.9312237501144409 0.5423758029937744 0.1374046802520752
4 0.2694418430328369 0.6130801439285278 0.538223147392273 0.10645580291748047
4 0.2622404992580414 0.4468228816986084 0.5160464644432068 0.08190202713012695
4 0.2899012714624405 0.8297681212425232 0.5796947181224823 0.1556020975112915
4 0.2698807120323181 0.5273052603006363 0.539130687713623 0.09095999598503113
4 0.28922419250011444 0.6283270120620728 0.5785144865512848 0.7435414791107178
4 0.27031709253787994 0.9798362255096436 0.54013392329216 0.040857791900634766
1 0.7628344297409058 0.6285950690507889 0.47383832931518555 0.6801949441432953
4 0.28347697854042053 0.36729538440704346 0.566615879535675 0.12174701690673828
4 0.28649166226387024 0.7203104496002197 0.5725647807121277 0.1342306137084961
4 0.2654683217406273 0.2837441861629486 0.4121871739625931 0.05746430158615112
4 0.27121907472610474 0.9312237501144409 0.5423758029937744 0.1374046802520752
4 0.2694418430328369 0.6130801439285278 0.538223147392273 0.10645580291748047
4 0.2622404992580414 0.4468228816986084 0.5160464644432068 0.08190202713012695
4 0.2899012714624405 0.8297681212425232 0.5796947181224823 0.1556020975112915
4 0.2698807120323181 0.5273052603006363 0.539130687713623 0.09095999598503113
4 0.28922419250011444 0.6283270120620728 0.5785144865512848 0.7435414791107178
4 0.27031709253787994 0.9798362255096436 0.54013392329216 0.040857791900634766
