1 0.46342867612838745 0.6091752648353577 0.5188844203948975 0.7103471755981445
5 0.08197126165032387 0.5704149007797241 0.1624312922358513 0.11726224422454834
5 0.09304864704608917 0.16541894897818565 0.18529894948005676 0.09879887849092484
5 0.09371283277869225 0.7055787444114685 0.18591929227113724 0.1100614070892334
5 0.0905703753232956 0.4326401948928833 0.18042871356010437 0.1134306788444519
1 0.46342867612838745 0.6091752648353577 0.5188844203948975 0.7103471755981445
5 0.08197126165032387 0.5704149007797241 0.1624312922358513 0.11726224422454834
5 0.09304864704608917 0.16541894897818565 0.18529894948005676 0.09879887849092484
5 0.09371283277869225 0.7055787444114685 0.18591929227113724 0.1100614070892334
5 0.0905703753232956 0.4326401948928833 0.18042871356010437 0.1134306788444519
