1 0.11301473528146744 0.49163828790187836 0.2258584052324295 0.4638529121875763
1 0.4245636910200119 0.4998306632041931 0.6587828695774078 0.9335082769393921
1 0.8821065425872803 0.4629499018192291 0.07911825180053711 0.12089091539382935
1 0.9555760025978088 0.4451760947704315 0.0886983871459961 0.13902848958969116
2 0.5002174973487854 0.7698863744735718 0.999935507774353 0.4609386920928955
2 0.18092042207717896 0.7241333723068237 0.36201345920562744 0.2510716915130615
2 0.7416885048151016 0.7702396214008331 0.5158219039440155 0.4602925181388855
1 0.11301473528146744 0.49163828790187836 0.2258584052324295 0.4638529121875763
1 0.4245636910200119 0.4998306632041931 0.6587828695774078 0.9335082769393921
1 0.8821065425872803 0.4629499018192291 0.07911825180053711 0.12089091539382935
1 0.9555760025978088 0.4451760947704315 0.0886983871459961 0.13902848958969116
2 0.5002174973487854 0.7698863744735718 0.999935507774353 0.4609386920928955
2 0.18092042207717896 0.7241333723068237 0.36201345920562744 0.2510716915130615
2 0.7416885048151016 0.7702396214008331 0.5158219039440155 0.4602925181388855
