2 0.42521993815898895 0.4588164836168289 0.6235643923282623 0.5106428563594818
5 0.49512383341789246 0.744525671005249 0.9003667235374451 0.3059648275375366
5 0.9573105871677399 0.7252997756004333 0.08538788557052612 0.119270920753479
5 0.9084254503250122 0.6154346466064453 0.1831420660018921 0.10736918449401855
5 0.9411330819129944 0.5924190282821655 0.11807787418365479 0.06065976619720459
5 0.9540293216705322 0.823708176612854 0.09212207794189453 0.13376390933990479
5 0.9573492109775543 0.7001998424530029 0.08544319868087769 0.192754864692688
2 0.42521993815898895 0.4588164836168289 0.6235643923282623 0.5106428563594818
5 0.49512383341789246 0.744525671005249 0.9003667235374451 0.3059648275375366
5 0.9573105871677399 0.7252997756004333 0.08538788557052612 0.119270920753479
5 0.9084254503250122 0.6154346466064453 0.1831420660018921 0.10736918449401855
5 0.9411330819129944 0.5924190282821655 0.11807787418365479 0.06065976619720459
5 0.9540293216705322 0.823708176612854 0.09212207794189453 0.13376390933990479
5 0.9573492109775543 0.7001998424530029 0.08544319868087769 0.192754864692688
