1 0.3818391188979149 0.7260827273130417 0.3542042523622513 0.5469237864017487
2 0.9086047410964966 0.5328137278556824 0.1827092170715332 0.2641105651855469
2 0.6109823733568192 0.49321460723876953 0.31985339522361755 0.3386033773422241
2 0.30876506865024567 0.4694744944572449 0.6171412169933319 0.9387896060943604
2 0.07186572626233101 0.798556923866272 0.14358171075582504 0.22036945819854736
1 0.3818391188979149 0.7260827273130417 0.3542042523622513 0.5469237864017487
2 0.9086047410964966 0.5328137278556824 0.1827092170715332 0.2641105651855469
2 0.6109823733568192 0.49321460723876953 0.31985339522361755 0.3386033773422241
2 0.30876506865024567 0.4694744944572449 0.6171412169933319 0.9387896060943604
2 0.07186572626233101 0.798556923866272 0.14358171075582504 0.22036945819854736
