1 0.43854647874832153 0.48235905170440674 0.23042035102844238 0.33633315563201904
1 0.29565271735191345 0.5538435131311417 0.10533207654953003 0.2392849624156952
2 0.8880195915699005 0.7269046902656555 0.22409647703170776 0.3951289653778076
2 0.14185211062431335 0.7640209197998047 0.2834252119064331 0.4709196090698242
4 0.7807824611663818 0.5134522914886475 0.026781916618347168 0.04208564758300781
1 0.6790103912353516 0.4704589247703552 0.04673159122467041 0.12980341911315918
4 0.682830274105072 0.5109822154045105 0.03639078140258789 0.049246788024902344
1 0.8817337155342102 0.4791868031024933 0.07791376113891602 0.114169180393219
4 0.8622129559516907 0.5136696845293045 0.03582155704498291 0.043733805418014526
4 0.2984974682331085 0.5749256610870361 0.09916484355926514 0.19590294361114502
1 0.7814990878105164 0.4951830059289932 0.042867422103881836 0.07976600527763367
1 0.8633643984794617 0.4834862947463989 0.03938782215118408 0.10380268096923828
