3 0.517158642411232 0.5543044805526733 0.2823955714702606 0.1986485719680786
3 0.23029081523418427 0.5388802289962769 0.07935932278633118 0.052501678466796875
3 0.016024574637413025 0.4899093359708786 0.031858302652835846 0.16307774186134338
3 0.09244881942868233 0.5206316113471985 0.1177610382437706 0.10364413261413574
3 0.9569524526596069 0.47200973331928253 0.08588099479675293 0.15585896372795105
3 0.727920413017273 0.4584229439496994 0.09308099746704102 0.15185275673866272
3 0.517158642411232 0.5543044805526733 0.2823955714702606 0.1986485719680786
3 0.23029081523418427 0.5388802289962769 0.07935932278633118 0.052501678466796875
3 0.016024574637413025 0.4899093359708786 0.031858302652835846 0.16307774186134338
3 0.09244881942868233 0.5206316113471985 0.1177610382437706 0.10364413261413574
3 0.9569524526596069 0.47200973331928253 0.08588099479675293 0.15585896372795105
3 0.727920413017273 0.4584229439496994 0.09308099746704102 0.15185275673866272
