4 0.4937340021133423 0.6239150613546371 0.38853204250335693 0.47156837582588196
5 0.16805393248796463 0.5028606802225113 0.23663662374019623 0.7350768744945526
5 0.8760458827018738 0.5149737596511841 0.1586456298828125 0.7263470888137817
5 0.034136680886149406 0.4997858703136444 0.06815031543374062 0.7425749897956848
5 0.9737016260623932 0.531355619430542 0.052613675594329834 0.6922231912612915
5 0.14378657191991806 0.5023728460073471 0.28707320988178253 0.7462802231311798
4 0.4937340021133423 0.6239150613546371 0.38853204250335693 0.47156837582588196
5 0.16805393248796463 0.5028606802225113 0.23663662374019623 0.7350768744945526
5 0.8760458827018738 0.5149737596511841 0.1586456298828125 0.7263470888137817
5 0.034136680886149406 0.4997858703136444 0.06815031543374062 0.7425749897956848
5 0.9737016260623932 0.531355619430542 0.052613675594329834 0.6922231912612915
5 0.14378657191991806 0.5023728460073471 0.28707320988178253 0.7462802231311798
