2 0.42294125258922577 0.6478363871574402 0.8458777964115143 0.7034410238265991
1 0.11683229729533195 0.5378371328115463 0.23387322574853897 0.8464808762073517
1 0.5568763017654419 0.5429114252328873 0.26051437854766846 0.6358506381511688
1 0.28021277487277985 0.5403738766908646 0.5635885894298553 0.8504944741725922
1 0.11602012813091278 0.5043190121650696 0.23213765025138855 0.7781339883804321
1 0.5558857917785645 0.5944162011146545 0.2614607810974121 0.7378184795379639
1 0.14769957214593887 0.5448326468467712 0.29567722976207733 0.8623220920562744
2 0.42294125258922577 0.6478363871574402 0.8458777964115143 0.7034410238265991
1 0.11683229729533195 0.5378371328115463 0.23387322574853897 0.8464808762073517
1 0.5568763017654419 0.5429114252328873 0.26051437854766846 0.6358506381511688
1 0.28021277487277985 0.5403738766908646 0.5635885894298553 0.8504944741725922
1 0.11602012813091278 0.5043190121650696 0.23213765025138855 0.7781339883804321
1 0.5558857917785645 0.5944162011146545 0.2614607810974121 0.7378184795379639
1 0.14769957214593887 0.5448326468467712 0.29567722976207733 0.8623220920562744
