4 0.6457063555717468 0.5941601395606995 0.33098793029785156 0.4669443368911743
1 0.30067816376686096 0.45206525921821594 0.1305685043334961 0.15631967782974243
1 0.8250795006752014 0.40509113669395447 0.16149449348449707 0.30153900384902954
2 0.06904853507876396 0.6286576390266418 0.13804332166910172 0.3904104232788086
2 0.18444544821977615 0.6281610131263733 0.3684840053319931 0.38913512229919434
1 0.8580947518348694 0.40932777523994446 0.22592508792877197 0.3090725541114807
4 0.6457063555717468 0.5941601395606995 0.33098793029785156 0.4669443368911743
1 0.30067816376686096 0.45206525921821594 0.1305685043334961 0.15631967782974243
1 0.8250795006752014 0.40509113669395447 0.16149449348449707 0.30153900384902954
2 0.06904853507876396 0.6286576390266418 0.13804332166910172 0.3904104232788086
2 0.18444544821977615 0.6281610131263733 0.3684840053319931 0.38913512229919434
1 0.8580947518348694 0.40932777523994446 0.22592508792877197 0.3090725541114807
