2 0.4023311883211136 0.5513114929199219 0.46804317831993103 0.5491520166397095
2 0.7230809330940247 0.5138674527406693 0.11461210250854492 0.11061260104179382
2 0.19869010150432587 0.6780647039413452 0.1023392379283905 0.12745189666748047
2 0.09861580468714237 0.6155605465173721 0.11580021306872368 0.2409270703792572
2 0.09249085560441017 0.042739203199744225 0.18223273009061813 0.08293618634343147
2 0.11215962842106819 0.6126312017440796 0.16607477515935898 0.24742233753204346
2 0.4023311883211136 0.5513114929199219 0.46804317831993103 0.5491520166397095
2 0.7230809330940247 0.5138674527406693 0.11461210250854492 0.11061260104179382
2 0.19869010150432587 0.6780647039413452 0.1023392379283905 0.12745189666748047
2 0.09861580468714237 0.6155605465173721 0.11580021306872368 0.2409270703792572
2 0.09249085560441017 0.042739203199744225 0.18223273009061813 0.08293618634343147
2 0.11215962842106819 0.6126312017440796 0.16607477515935898 0.24742233753204346
