4 0.5010989308357239 0.7060481309890747 0.9570314884185791 0.27860283851623535
2 0.4522453546524048 0.3600035458803177 0.3409615755081177 0.5091904103755951
3 0.0655861496925354 0.3462550640106201 0.09374788403511047 0.15129488706588745
3 0.11118552088737488 0.5109724402427673 0.22223451733589172 0.27430760860443115
3 0.29132602363824844 0.5217908769845963 0.10742847621440887 0.11994752287864685
3 0.9137695133686066 0.42132554948329926 0.1726779341697693 0.4929509460926056
3 0.4143063426017761 0.5401081442832947 0.1369583010673523 0.14046013355255127
3 0.06351501494646072 0.3239801228046417 0.08814044296741486 0.10610204935073853
4 0.6502648741006851 0.5223562121391296 0.33572837710380554 0.2110224962234497
4 0.5010989308357239 0.7060481309890747 0.9570314884185791 0.27860283851623535
2 0.4522453546524048 0.3600035458803177 0.3409615755081177 0.5091904103755951
3 0.0655861496925354 0.3462550640106201 0.09374788403511047 0.15129488706588745
3 0.11118552088737488 0.5109724402427673 0.22223451733589172 0.27430760860443115
3 0.29132602363824844 0.5217908769845963 0.10742847621440887 0.11994752287864685
3 0.9137695133686066 0.42132554948329926 0.1726779341697693 0.4929509460926056
3 0.4143063426017761 0.5401081442832947 0.1369583010673523 0.14046013355255127
3 0.06351501494646072 0.3239801228046417 0.08814044296741486 0.10610204935073853
4 0.6502648741006851 0.5223562121391296 0.33572837710380554 0.2110224962234497
