1 0.46642954647541046 0.607883021235466 0.5279258191585541 0.5896979868412018
2 0.9294067621231079 0.6938736438751221 0.14103341102600098 0.2551075220108032
2 0.12761669233441353 0.7026693224906921 0.24738659709692 0.23690950870513916
2 0.05222584865987301 0.6328038573265076 0.10434799268841743 0.37226080894470215
2 0.14178961142897606 0.5643738508224487 0.07897502928972244 0.07340359687805176
2 0.6539440155029297 0.6987612843513489 0.12195861339569092 0.23206686973571777
2 0.6852878332138062 0.699811577796936 0.1848001480102539 0.23317468166351318
1 0.46642954647541046 0.607883021235466 0.5279258191585541 0.5896979868412018
2 0.9294067621231079 0.6938736438751221 0.14103341102600098 0.2551075220108032
2 0.12761669233441353 0.7026693224906921 0.24738659709692 0.23690950870513916
2 0.05222584865987301 0.6328038573265076 0.10434799268841743 0.37226080894470215
2 0.14178961142897606 0.5643738508224487 0.07897502928972244 0.07340359687805176
2 0.6539440155029297 0.6987612843513489 0.12195861339569092 0.23206686973571777
2 0.6852878332138062 0.699811577796936 0.1848001480102539 0.23317468166351318
