4 0.5557281821966171 0.7166988849639893 0.25795677304267883 0.3666198253631592
4 0.8554239273071289 0.7317544221878052 0.14693939685821533 0.2452934980392456
5 0.07709498330950737 0.8217030763626099 0.15426597744226456 0.3554689884185791
5 0.18149088323116302 0.8200098276138306 0.1679878532886505 0.358783483505249
5 0.02806987799704075 0.8727235198020935 0.056119222193956375 0.2540489435195923
5 0.2300439327955246 0.805511474609375 0.15978601574897766 0.3497951030731201
4 0.5557281821966171 0.7166988849639893 0.25795677304267883 0.3666198253631592
4 0.8554239273071289 0.7317544221878052 0.14693939685821533 0.2452934980392456
5 0.07709498330950737 0.8217030763626099 0.15426597744226456 0.3554689884185791
5 0.18149088323116302 0.8200098276138306 0.1679878532886505 0.358783483505249
5 0.02806987799704075 0.8727235198020935 0.056119222193956375 0.2540489435195923
5 0.2300439327955246 0.805511474609375 0.15978601574897766 0.3497951030731201
