3 0.39296673238277435 0.622391402721405 0.5144868195056915 0.40751922130584717
5 0.8720225393772125 0.8545197248458862 0.2561787962913513 0.25422239303588867
5 0.8760761618614197 0.6783757209777832 0.2476886510848999 0.2849771976470947
5 0.49997830390930176 0.2740854322910309 0.9999998807907104 0.5482632517814636
5 0.6606500148773193 0.22831805795431137 0.1117091178894043 0.45653362572193146
5 0.5633169412612915 0.23127339780330658 0.0675579309463501 0.46152088046073914
5 0.8721604347229004 0.7587053179740906 0.2556483745574951 0.4466818571090698
5 0.8864935040473938 0.655528724193573 0.22688210010528564 0.23240649700164795
3 0.39296673238277435 0.622391402721405 0.5144868195056915 0.40751922130584717
5 0.8720225393772125 0.8545197248458862 0.2561787962913513 0.25422239303588867
5 0.8760761618614197 0.6783757209777832 0.2476886510848999 0.2849771976470947
5 0.49997830390930176 0.2740854322910309 0.9999998807907104 0.5482632517814636
5 0.6606500148773193 0.22831805795431137 0.1117091178894043 0.45653362572193146
5 0.5633169412612915 0.23127339780330658 0.0675579309463501 0.46152088046073914
5 0.8721604347229004 0.7587053179740906 0.2556483745574951 0.4466818571090698
5 0.8864935040473938 0.655528724193573 0.22688210010528564 0.23240649700164795
