2 0.6950429081916809 0.33407605439424515 0.6097359657287598 0.4002377837896347
5 0.5000966787338257 0.6747723817825317 1.0 0.44971799850463867
1 0.33762556314468384 0.1569831594824791 0.23293817043304443 0.3143685609102249
1 0.12275185063481331 0.1700286865234375 0.2455962523818016 0.3400460481643677
1 0.12292502447962761 0.27863793075084686 0.2460666075348854 0.5577377378940582
2 0.6950429081916809 0.33407605439424515 0.6097359657287598 0.4002377837896347
5 0.5000966787338257 0.6747723817825317 1.0 0.44971799850463867
1 0.33762556314468384 0.1569831594824791 0.23293817043304443 0.3143685609102249
1 0.12275185063481331 0.1700286865234375 0.2455962523818016 0.3400460481643677
1 0.12292502447962761 0.27863793075084686 0.2460666075348854 0.5577377378940582
