2 0.3882642388343811 0.47833311557769775 0.08575397729873657 0.1319512128829956
2 0.6915867924690247 0.5123556703329086 0.05921590328216553 0.06868472695350647
1 0.07462532073259354 0.8756974339485168 0.14899484813213348 0.24663937091827393
3 0.5611101388931274 0.8976167440414429 0.17686223983764648 0.20276355743408203
1 0.45429471135139465 0.7591038942337036 0.1132081151008606 0.1228863000869751
1 0.6649794578552246 0.7654169797897339 0.11237835884094238 0.13537144660949707
1 0.5593558102846146 0.7620439529418945 0.32337746024131775 0.13280868530273438
2 0.3882642388343811 0.47833311557769775 0.08575397729873657 0.1319512128829956
2 0.6915867924690247 0.5123556703329086 0.05921590328216553 0.06868472695350647
1 0.07462532073259354 0.8756974339485168 0.14899484813213348 0.24663937091827393
3 0.5611101388931274 0.8976167440414429 0.17686223983764648 0.20276355743408203
1 0.45429471135139465 0.7591038942337036 0.1132081151008606 0.1228863000869751
1 0.6649794578552246 0.7654169797897339 0.11237835884094238 0.13537144660949707
1 0.5593558102846146 0.7620439529418945 0.32337746024131775 0.13280868530273438
