3 0.26380089670419693 0.5451536029577255 0.2583363503217697 0.45629408955574036
2 0.5989323258399963 0.35365691781044006 0.1258639097213745 0.18132781982421875
2 0.36077049374580383 0.38782142102718353 0.5247494578361511 0.7710237801074982
2 0.43672052025794983 0.4990616738796234 0.07407063245773315 0.11977142095565796
3 0.6124249696731567 0.4201497733592987 0.05716073513031006 0.048964619636535645
3 0.26380089670419693 0.5451536029577255 0.2583363503217697 0.45629408955574036
2 0.5989323258399963 0.35365691781044006 0.1258639097213745 0.18132781982421875
2 0.36077049374580383 0.38782142102718353 0.5247494578361511 0.7710237801074982
2 0.43672052025794983 0.4990616738796234 0.07407063245773315 0.11977142095565796
3 0.6124249696731567 0.4201497733592987 0.05716073513031006 0.048964619636535645
