4 0.4870651215314865 0.6081405282020569 0.9595545828342438 0.2552541494369507
2 0.311718612909317 0.3535987138748169 0.07549780607223511 0.08777099847793579
2 0.6524471044540405 0.27183768153190613 0.17988824844360352 0.20514416694641113
5 0.4384142756462097 0.3445851802825928 0.030571401119232178 0.05551344156265259
2 0.11873112246394157 0.2124456837773323 0.2373955026268959 0.4237166494131088
4 0.4870651215314865 0.6081405282020569 0.9595545828342438 0.2552541494369507
2 0.311718612909317 0.3535987138748169 0.07549780607223511 0.08777099847793579
2 0.6524471044540405 0.27183768153190613 0.17988824844360352 0.20514416694641113
5 0.4384142756462097 0.3445851802825928 0.030571401119232178 0.05551344156265259
2 0.11873112246394157 0.2124456837773323 0.2373955026268959 0.4237166494131088
