1 0.20243144780397415 0.23416922241449356 0.260024294257164 0.46849946677684784
2 0.8656744360923767 0.49147965013980865 0.2682344913482666 0.3471338450908661
3 0.5556595921516418 0.6788283139467239 0.6600505113601685 0.3764885365962982
2 0.8306592106819153 0.4922380894422531 0.33791935443878174 0.34860959649086
1 0.8078869581222534 0.3913940489292145 0.09390449523925781 0.18255704641342163
3 0.4483615532517433 0.6702514886856079 0.4437737911939621 0.35732853412628174
1 0.20243144780397415 0.23416922241449356 0.260024294257164 0.46849946677684784
2 0.8656744360923767 0.49147965013980865 0.2682344913482666 0.3471338450908661
3 0.5556595921516418 0.6788283139467239 0.6600505113601685 0.3764885365962982
2 0.8306592106819153 0.4922380894422531 0.33791935443878174 0.34860959649086
1 0.8078869581222534 0.3913940489292145 0.09390449523925781 0.18255704641342163
3 0.4483615532517433 0.6702514886856079 0.4437737911939621 0.35732853412628174
