2 0.2580534592270851 0.7302101403474808 0.325112983584404 0.5384097993373871
1 0.08797115832567215 0.37715572118759155 0.17575307190418243 0.23804670572280884
1 0.2590981125831604 0.3521881103515625 0.13450759649276733 0.17073369026184082
1 0.7265945076942444 0.4059475064277649 0.03805816173553467 0.06783121824264526
1 0.6308739185333252 0.36867648363113403 0.10987269878387451 0.14659959077835083
1 0.007682124152779579 0.41121888160705566 0.015296569094061852 0.14488303661346436
1 0.5471110939979553 0.40564942359924316 0.033060312271118164 0.06642425060272217
1 0.007369465893134475 0.380889892578125 0.014826082158833742 0.21451741456985474
2 0.2580534592270851 0.7302101403474808 0.325112983584404 0.5384097993373871
1 0.08797115832567215 0.37715572118759155 0.17575307190418243 0.23804670572280884
1 0.2590981125831604 0.3521881103515625 0.13450759649276733 0.17073369026184082
1 0.7265945076942444 0.4059475064277649 0.03805816173553467 0.06783121824264526
1 0.6308739185333252 0.36867648363113403 0.10987269878387451 0.14659959077835083
1 0.007682124152779579 0.41121888160705566 0.015296569094061852 0.14488303661346436
1 0.5471110939979553 0.40564942359924316 0.033060312271118164 0.06642425060272217
1 0.007369465893134475 0.380889892578125 0.014826082158833742 0.21451741456985474
