5 0.49634161591529846 0.8347557783126831 0.9339774250984192 0.15980994701385498
1 0.7479521632194519 0.43822047114372253 0.04088103771209717 0.04183715581893921
1 0.8949524164199829 0.43908387422561646 0.03993558883666992 0.04172933101654053
1 0.08225885778665543 0.40704309940338135 0.16425292193889618 0.14852440357208252
1 0.8089905977249146 0.43770867586135864 0.030722379684448242 0.04031568765640259
2 0.5001430809497833 0.6645963191986084 0.9999989867210388 0.42350876331329346
2 0.24176368117332458 0.6605622321367264 0.4826643466949463 0.41979488730430603
5 0.49634161591529846 0.8347557783126831 0.9339774250984192 0.15980994701385498
1 0.7479521632194519 0.43822047114372253 0.04088103771209717 0.04183715581893921
1 0.8949524164199829 0.43908387422561646 0.03993558883666992 0.04172933101654053
1 0.08225885778665543 0.40704309940338135 0.16425292193889618 0.14852440357208252
1 0.8089905977249146 0.43770867586135864 0.030722379684448242 0.04031568765640259
2 0.5001430809497833 0.6645963191986084 0.9999989867210388 0.42350876331329346
2 0.24176368117332458 0.6605622321367264 0.4826643466949463 0.41979488730430603
