3 0.45998498797416687 0.6517378836870193 0.32699447870254517 0.44557222723960876
2 0.4730363041162491 0.4656352996826172 0.8007106482982635 0.8191958665847778
2 0.4732716679573059 0.38365231454372406 0.8003273010253906 0.6539910137653351
3 0.4541553854942322 0.6348193138837814 0.5387833118438721 0.47989359498023987
2 0.4730776697397232 0.5269271731376648 0.8012036979198456 0.9444000720977783
3 0.4657713919878006 0.6369056701660156 0.4093848168849945 0.4796370267868042
3 0.45998498797416687 0.6517378836870193 0.32699447870254517 0.44557222723960876
2 0.4730363041162491 0.4656352996826172 0.8007106482982635 0.8191958665847778
2 0.4732716679573059 0.38365231454372406 0.8003273010253906 0.6539910137653351
3 0.4541553854942322 0.6348193138837814 0.5387833118438721 0.47989359498023987
2 0.4730776697397232 0.5269271731376648 0.8012036979198456 0.9444000720977783
3 0.4657713919878006 0.6369056701660156 0.4093848168849945 0.4796370267868042
