1 0.47774170339107513 0.500281572341919 0.3562784492969513 0.4370156526565552
3 0.36985936760902405 0.6949165463447571 0.37414878606796265 0.19236111640930176
3 0.7716942429542542 0.05457582138478756 0.12277662754058838 0.10728927329182625
3 0.6065661311149597 0.07765117287635803 0.13296663761138916 0.059929266571998596
1 0.4780542850494385 0.4468390643596649 0.35471391677856445 0.33070820569992065
1 0.47774170339107513 0.500281572341919 0.3562784492969513 0.4370156526565552
3 0.36985936760902405 0.6949165463447571 0.37414878606796265 0.19236111640930176
3 0.7716942429542542 0.05457582138478756 0.12277662754058838 0.10728927329182625
3 0.6065661311149597 0.07765117287635803 0.13296663761138916 0.059929266571998596
1 0.4780542850494385 0.4468390643596649 0.35471391677856445 0.33070820569992065
