1 0.16379565745592117 0.17741870880126953 0.32732461392879486 0.35481566190719604
1 0.40313564240932465 0.5560405999422073 0.8048022091388702 0.8873995244503021
1 0.9693773984909058 0.5379380583763123 0.06137967109680176 0.9217705726623535
1 0.7372332811355591 0.6679822355508804 0.49390649795532227 0.6642007529735565
1 0.9110782146453857 0.5390052050352097 0.17744994163513184 0.9202145636081696
1 0.10224361345171928 0.6486924290657043 0.20427999645471573 0.6655229330062866
1 0.16379565745592117 0.17741870880126953 0.32732461392879486 0.35481566190719604
1 0.40313564240932465 0.5560405999422073 0.8048022091388702 0.8873995244503021
1 0.9693773984909058 0.5379380583763123 0.06137967109680176 0.9217705726623535
1 0.7372332811355591 0.6679822355508804 0.49390649795532227 0.6642007529735565
1 0.9110782146453857 0.5390052050352097 0.17744994163513184 0.9202145636081696
1 0.10224361345171928 0.6486924290657043 0.20427999645471573 0.6655229330062866
