4 0.4078865945339203 0.6478291749954224 0.2511444687843323 0.3324376344680786
1 0.7782042622566223 0.4984724372625351 0.44328582286834717 0.9983060657978058
2 0.4162740409374237 0.5429416298866272 0.8204408288002014 0.35407519340515137
1 0.777657151222229 0.3936874121427536 0.444317102432251 0.7871247828006744
2 0.2203679233789444 0.5357781201601028 0.4292486011981964 0.2903061807155609
2 0.6360984444618225 0.5490682870149612 0.3763314485549927 0.34717878699302673
4 0.8165280818939209 0.6469817161560059 0.11908113956451416 0.27192556858062744
2 0.6014257669448853 0.5457636713981628 0.4458489418029785 0.35549628734588623
4 0.4078865945339203 0.6478291749954224 0.2511444687843323 0.3324376344680786
1 0.7782042622566223 0.4984724372625351 0.44328582286834717 0.9983060657978058
2 0.4162740409374237 0.5429416298866272 0.8204408288002014 0.35407519340515137
1 0.777657151222229 0.3936874121427536 0.444317102432251 0.7871247828006744
2 0.2203679233789444 0.5357781201601028 0.4292486011981964 0.2903061807155609
2 0.6360984444618225 0.5490682870149612 0.3763314485549927 0.34717878699302673
4 0.8165280818939209 0.6469817161560059 0.11908113956451416 0.27192556858062744
2 0.6014257669448853 0.5457636713981628 0.4458489418029785 0.35549628734588623
