2 0.5019533038139343 0.6148716658353806 0.47504377365112305 0.670863538980484
5 0.9277703166007996 0.6159083843231201 0.14369654655456543 0.25679969787597656
5 0.04214051924645901 0.18041307106614113 0.08368160203099251 0.1389257237315178
5 0.9295461177825928 0.16811684146523476 0.1399364471435547 0.17492090910673141
5 0.9284431338310242 0.38587790727615356 0.14234721660614014 0.16637897491455078
5 0.04000375419855118 0.3834657669067383 0.07977290451526642 0.14698553085327148
5 0.05932760052382946 0.6187775731086731 0.11839521303772926 0.2252563238143921
2 0.5019533038139343 0.6148716658353806 0.47504377365112305 0.670863538980484
5 0.9277703166007996 0.6159083843231201 0.14369654655456543 0.25679969787597656
5 0.04214051924645901 0.18041307106614113 0.08368160203099251 0.1389257237315178
5 0.9295461177825928 0.16811684146523476 0.1399364471435547 0.17492090910673141
5 0.9284431338310242 0.38587790727615356 0.14234721660614014 0.16637897491455078
5 0.04000375419855118 0.3834657669067383 0.07977290451526642 0.14698553085327148
5 0.05932760052382946 0.6187775731086731 0.11839521303772926 0.2252563238143921
