3 0.5098404735326767 0.7413283586502075 0.3791084587574005 0.3324834108352661
5 0.015477926004678011 0.5275875180959702 0.030984877608716488 0.7747946083545685
5 0.9056649208068848 0.5770199298858643 0.1889965534210205 0.6232225894927979
5 0.10823862999677658 0.5294679403305054 0.2167561799287796 0.7799938917160034
5 0.06690152734518051 0.5415809899568558 0.038671672344207764 0.635030597448349
5 0.04269693046808243 0.531068742275238 0.0355326309800148 0.6981940269470215
3 0.5098404735326767 0.7413283586502075 0.3791084587574005 0.3324834108352661
5 0.015477926004678011 0.5275875180959702 0.030984877608716488 0.7747946083545685
5 0.9056649208068848 0.5770199298858643 0.1889965534210205 0.6232225894927979
5 0.10823862999677658 0.5294679403305054 0.2167561799287796 0.7799938917160034
5 0.06690152734518051 0.5415809899568558 0.038671672344207764 0.635030597448349
5 0.04269693046808243 0.531068742275238 0.0355326309800148 0.6981940269470215
