2 0.914027065038681 0.3669706955552101 0.1722620129585266 0.3105150908231735
5 0.4778851568698883 0.6692622303962708 0.24229329824447632 0.2019592523574829
5 0.282673217356205 0.6303308606147766 0.18042735755443573 0.23890423774719238
5 0.09067605808377266 0.6494295001029968 0.1812746748328209 0.30156779289245605
2 0.034856149926781654 0.039592307060956955 0.06976969167590141 0.07941923290491104
5 0.26971524208784103 0.42754459381103516 0.1285426765680313 0.10418373346328735
2 0.914027065038681 0.3669706955552101 0.1722620129585266 0.3105150908231735
5 0.4778851568698883 0.6692622303962708 0.24229329824447632 0.2019592523574829
5 0.282673217356205 0.6303308606147766 0.18042735755443573 0.23890423774719238
5 0.09067605808377266 0.6494295001029968 0.1812746748328209 0.30156779289245605
2 0.034856149926781654 0.039592307060956955 0.06976969167590141 0.07941923290491104
5 0.26971524208784103 0.42754459381103516 0.1285426765680313 0.10418373346328735
