4 0.46686968207359314 0.36034561693668365 0.3516748547554016 0.32094570994377136
4 0.5314986109733582 0.6684794425964355 0.23096942901611328 0.30587613582611084
4 0.542180061340332 0.7562187910079956 0.24742817878723145 0.48200511932373047
4 0.43934323638677597 0.6725013256072998 0.4499734193086624 0.31504082679748535
4 0.43912893533706665 0.7558147311210632 0.4552896022796631 0.48335540294647217
4 0.46686968207359314 0.36034561693668365 0.3516748547554016 0.32094570994377136
4 0.5314986109733582 0.6684794425964355 0.23096942901611328 0.30587613582611084
4 0.542180061340332 0.7562187910079956 0.24742817878723145 0.48200511932373047
4 0.43934323638677597 0.6725013256072998 0.4499734193086624 0.31504082679748535
4 0.43912893533706665 0.7558147311210632 0.4552896022796631 0.48335540294647217
