3 0.538265585899353 0.7345994114875793 0.20280003547668457 0.2320643663406372
1 0.49111226201057434 0.4380840063095093 0.09577244520187378 0.1747666597366333
1 0.7833308577537537 0.4395143687725067 0.16294193267822266 0.1989331841468811
1 0.12052320688962936 0.507980465888977 0.17134077847003937 0.2573000192642212
3 0.3289721608161926 0.570771336555481 0.08428061008453369 0.08479797840118408
1 0.12110642343759537 0.46327686309814453 0.17253555357456207 0.34877538681030273
1 0.7870726585388184 0.44068077206611633 0.09233152866363525 0.19321376085281372
3 0.538265585899353 0.7345994114875793 0.20280003547668457 0.2320643663406372
1 0.49111226201057434 0.4380840063095093 0.09577244520187378 0.1747666597366333
1 0.7833308577537537 0.4395143687725067 0.16294193267822266 0.1989331841468811
1 0.12052320688962936 0.507980465888977 0.17134077847003937 0.2573000192642212
3 0.3289721608161926 0.570771336555481 0.08428061008453369 0.08479797840118408
1 0.12110642343759537 0.46327686309814453 0.17253555357456207 0.34877538681030273
1 0.7870726585388184 0.44068077206611633 0.09233152866363525 0.19321376085281372
