1 0.4128955900669098 0.5652208924293518 0.4522703289985657 0.741013765335083
2 0.15448465943336487 0.3533933758735657 0.30393654108047485 0.7070835828781128
2 0.8934517502784729 0.12366096302866936 0.21316230297088623 0.24744627624750137
2 0.15562474727630615 0.5412107110023499 0.1970723271369934 0.3306589126586914
2 0.577214777469635 0.40077006816864014 0.20513808727264404 0.4419667720794678
2 0.19196508824825287 0.35319291055202484 0.384253591299057 0.7066965401172638
2 0.15518153831362724 0.5074178725481033 0.1978909745812416 0.3989461362361908
1 0.4128955900669098 0.5652208924293518 0.4522703289985657 0.741013765335083
2 0.15448465943336487 0.3533933758735657 0.30393654108047485 0.7070835828781128
2 0.8934517502784729 0.12366096302866936 0.21316230297088623 0.24744627624750137
2 0.15562474727630615 0.5412107110023499 0.1970723271369934 0.3306589126586914
2 0.577214777469635 0.40077006816864014 0.20513808727264404 0.4419667720794678
2 0.19196508824825287 0.35319291055202484 0.384253591299057 0.7066965401172638
2 0.15518153831362724 0.5074178725481033 0.1978909745812416 0.3989461362361908
