4 0.502783939242363 0.7794838547706604 0.9842852652072906 0.19370663166046143
2 0.8631290793418884 0.2686253488063812 0.25663232803344727 0.38384926319122314
2 0.6926681399345398 0.571671724319458 0.12109208106994629 0.1356947422027588
2 0.6429359912872314 0.40247392654418945 0.08436334133148193 0.128557026386261
2 0.2127719670534134 0.040266428142786026 0.11779162287712097 0.08045466989278793
2 0.316617876291275 0.03842848725616932 0.10507208108901978 0.07691356167197227
2 0.6428254246711731 0.36865028738975525 0.08828616142272949 0.19689375162124634
2 0.056374240666627884 0.5355886816978455 0.11262359470129013 0.2358759641647339
4 0.502783939242363 0.7794838547706604 0.9842852652072906 0.19370663166046143
2 0.8631290793418884 0.2686253488063812 0.25663232803344727 0.38384926319122314
2 0.6926681399345398 0.571671724319458 0.12109208106994629 0.1356947422027588
2 0.6429359912872314 0.40247392654418945 0.08436334133148193 0.128557026386261
2 0.2127719670534134 0.040266428142786026 0.11779162287712097 0.08045466989278793
2 0.316617876291275 0.03842848725616932 0.10507208108901978 0.07691356167197227
2 0.6428254246711731 0.36865028738975525 0.08828616142272949 0.19689375162124634
2 0.056374240666627884 0.5355886816978455 0.11262359470129013 0.2358759641647339
