4 0.763008713722229 0.7700037360191345 0.1382613182067871 0.4594234228134155
4 0.500018447637558 0.49973587691783905 0.9999993443489075 0.9999999105930328
4 0.6762645989656448 0.692664697766304 0.35681137442588806 0.6134684979915619
4 0.6770532131195068 0.415285587310791 0.35446488857269287 0.06007760763168335
4 0.6981071829795837 0.7161310315132141 0.3019822835922241 0.5670939683914185
4 0.763008713722229 0.7700037360191345 0.1382613182067871 0.4594234228134155
4 0.500018447637558 0.49973587691783905 0.9999993443489075 0.9999999105930328
4 0.6762645989656448 0.692664697766304 0.35681137442588806 0.6134684979915619
4 0.6770532131195068 0.415285587310791 0.35446488857269287 0.06007760763168335
4 0.6981071829795837 0.7161310315132141 0.3019822835922241 0.5670939683914185
