4 0.2774099111557007 0.7203886061906815 0.2075728178024292 0.5241483151912689
2 0.6573720574378967 0.8529353141784668 0.4791226387023926 0.09687972068786621
2 0.9602429866790771 0.8647658824920654 0.0780494213104248 0.26785778999328613
4 0.7347925901412964 0.6019393801689148 0.10327482223510742 0.144639253616333
2 0.012042495422065258 0.8155004382133484 0.023965315893292427 0.17247962951660156
4 0.41254836320877075 0.6152904033660889 0.071907639503479 0.12683534622192383
2 0.9468811750411987 0.8641619682312012 0.1047506332397461 0.2682154178619385
4 0.2774099111557007 0.7203886061906815 0.2075728178024292 0.5241483151912689
2 0.6573720574378967 0.8529353141784668 0.4791226387023926 0.09687972068786621
2 0.9602429866790771 0.8647658824920654 0.0780494213104248 0.26785778999328613
4 0.7347925901412964 0.6019393801689148 0.10327482223510742 0.144639253616333
2 0.012042495422065258 0.8155004382133484 0.023965315893292427 0.17247962951660156
4 0.41254836320877075 0.6152904033660889 0.071907639503479 0.12683534622192383
2 0.9468811750411987 0.8641619682312012 0.1047506332397461 0.2682154178619385
