4 0.7288144826889038 0.5377764105796814 0.14648163318634033 0.9209694862365723
4 0.5856204032897949 0.4993680417537689 0.8278799057006836 0.998477041721344
4 0.9002155065536499 0.49994729459285736 0.19886159896850586 0.999184638261795
4 0.5699569582939148 0.5670829862356186 0.11293423175811768 0.8419597446918488
4 0.4326651394367218 0.5321577191352844 0.05292326211929321 0.6644586324691772
4 0.6279160380363464 0.5753764510154724 0.06709730625152588 0.8441934585571289
4 0.48589426279067993 0.5487005710601807 0.05887198448181152 0.7480365037918091
4 0.3816007971763611 0.521786630153656 0.050191283226013184 0.6241316795349121
4 0.08176103606820107 0.4125692844390869 0.16365235298871994 0.19793057441711426
4 0.2995300889015198 0.5046743154525757 0.059980809688568115 0.4747508764266968
4 0.31154605001211166 0.06369613483548164 0.18843801319599152 0.12722816318273544
4 0.3350873664021492 0.9275763630867004 0.21341954171657562 0.14376389980316162
