5 0.37493768334388733 0.6054539084434509 0.14301341772079468 0.0885474681854248
2 0.5041104704141617 0.2271089032292366 0.43142077326774597 0.4539747089147568
4 0.09280949458479881 0.6801943778991699 0.18575377017259598 0.07026243209838867
4 0.6261397004127502 0.626427412033081 0.2080174684524536 0.06695711612701416
5 0.6440113186836243 0.7349379062652588 0.18407738208770752 0.14357316493988037
4 0.8634629249572754 0.7317482829093933 0.2729092836380005 0.11924076080322266
4 0.8889158368110657 0.7299910187721252 0.22244441509246826 0.11527526378631592
4 0.1735774651169777 0.7382573485374451 0.34758035838603973 0.11310446262359619
5 0.37493768334388733 0.6054539084434509 0.14301341772079468 0.0885474681854248
2 0.5041104704141617 0.2271089032292366 0.43142077326774597 0.4539747089147568
4 0.09280949458479881 0.6801943778991699 0.18575377017259598 0.07026243209838867
4 0.6261397004127502 0.626427412033081 0.2080174684524536 0.06695711612701416
5 0.6440113186836243 0.7349379062652588 0.18407738208770752 0.14357316493988037
4 0.8634629249572754 0.7317482829093933 0.2729092836380005 0.11924076080322266
4 0.8889158368110657 0.7299910187721252 0.22244441509246826 0.11527526378631592
4 0.1735774651169777 0.7382573485374451 0.34758035838603973 0.11310446262359619
