5 0.5272614508867264 0.7211856245994568 0.5310743749141693 0.1147310733795166
5 0.6880256980657578 0.8712116479873657 0.5417652428150177 0.16888689994812012
5 0.8885595202445984 0.6813206076622009 0.22278165817260742 0.09095227718353271
5 0.1891941949725151 0.8658310174942017 0.3786281496286392 0.15164422988891602
5 0.8858719170093536 0.7256617546081543 0.22847360372543335 0.08880496025085449
5 0.9036568105220795 0.6870478391647339 0.19295817613601685 0.07689535617828369
5 0.8853888511657715 0.7031718492507935 0.22902774810791016 0.13474440574645996
5 0.5272614508867264 0.7211856245994568 0.5310743749141693 0.1147310733795166
5 0.6880256980657578 0.8712116479873657 0.5417652428150177 0.16888689994812012
5 0.8885595202445984 0.6813206076622009 0.22278165817260742 0.09095227718353271
5 0.1891941949725151 0.8658310174942017 0.3786281496286392 0.15164422988891602
5 0.8858719170093536 0.7256617546081543 0.22847360372543335 0.08880496025085449
5 0.9036568105220795 0.6870478391647339 0.19295817613601685 0.07689535617828369
5 0.8853888511657715 0.7031718492507935 0.22902774810791016 0.13474440574645996
