1 0.7899073958396912 0.28001948446035385 0.0947732925415039 0.1230849176645279
2 0.41705361008644104 0.5526502132415771 0.2950367331504822 0.47519803047180176
1 0.6328274607658386 0.2719397768378258 0.06238913536071777 0.13080568611621857
2 0.8213546276092529 0.6852197051048279 0.35755395889282227 0.6287106275558472
1 0.4010624587535858 0.28392666578292847 0.09110766649246216 0.11863178014755249
2 0.9300847947597504 0.5611130744218826 0.1398337483406067 0.2169186770915985
1 0.7899073958396912 0.28001948446035385 0.0947732925415039 0.1230849176645279
2 0.41705361008644104 0.5526502132415771 0.2950367331504822 0.47519803047180176
1 0.6328274607658386 0.2719397768378258 0.06238913536071777 0.13080568611621857
2 0.8213546276092529 0.6852197051048279 0.35755395889282227 0.6287106275558472
1 0.4010624587535858 0.28392666578292847 0.09110766649246216 0.11863178014755249
2 0.9300847947597504 0.5611130744218826 0.1398337483406067 0.2169186770915985
