0 0.523916 0.614004 0.632129 0.626445
4 0.737783 0.077451 0.310371 0.087051
4 0.740615 0.191963 0.312285 0.111660
4 0.741563 0.311191 0.306602 0.096523
4 0.760488 0.420957 0.257383 0.092734
4 0.815371 0.543037 0.155195 0.090840
4 0.844717 0.639561 0.157090 0.064355
4 0.952168 0.081240 0.095664 0.087051
4 0.952168 0.190068 0.095664 0.085176
4 0.951221 0.307402 0.097559 0.092734
4 0.948379 0.423799 0.103242 0.102207
4 0.953115 0.543037 0.093770 0.090840
4 0.961631 0.637666 0.076738 0.068145
4 0.446318 0.197637 0.249824 0.088945
4 0.442539 0.315928 0.257383 0.090840
4 0.441582 0.084082 0.247930 0.088945
4 0.152148 0.072725 0.304297 0.092715
4 0.155811 0.192900 0.300918 0.094629
4 0.151240 0.313066 0.302480 0.100352
4 0.153135 0.435156 0.306270 0.113555
4 0.140830 0.550605 0.281660 0.102187
4 0.142725 0.639600 0.285449 0.109668
