1 0.24221894517540932 0.47592806816101074 0.2388777658343315 0.35572290420532227
1 0.9121242761611938 0.13374973833560944 0.17566466331481934 0.26766058802604675
1 0.586470901966095 0.524363711476326 0.06972002983093262 0.1370311677455902
1 0.824996829032898 0.5343593209981918 0.055271267890930176 0.10771754384040833
1 0.8270586729049683 0.5715717077255249 0.06564390659332275 0.18250203132629395
1 0.24221894517540932 0.47592806816101074 0.2388777658343315 0.35572290420532227
1 0.9121242761611938 0.13374973833560944 0.17566466331481934 0.26766058802604675
1 0.586470901966095 0.524363711476326 0.06972002983093262 0.1370311677455902
1 0.824996829032898 0.5343593209981918 0.055271267890930176 0.10771754384040833
1 0.8270586729049683 0.5715717077255249 0.06564390659332275 0.18250203132629395
