4 0.5184823870658875 0.6997849345207214 0.7221620082855225 0.12560534477233887
2 0.9397486746311188 0.25745759159326553 0.12051814794540405 0.33585767447948456
1 0.47848720848560333 0.5396555811166763 0.9563680589199066 0.3678993880748749
2 0.7321011424064636 0.41951003670692444 0.028220534324645996 0.041476666927337646
1 0.47914911806583405 0.6750903278589249 0.9578852355480194 0.6342990100383759
4 0.5184823870658875 0.6997849345207214 0.7221620082855225 0.12560534477233887
2 0.9397486746311188 0.25745759159326553 0.12051814794540405 0.33585767447948456
1 0.47848720848560333 0.5396555811166763 0.9563680589199066 0.3678993880748749
2 0.7321011424064636 0.41951003670692444 0.028220534324645996 0.041476666927337646
1 0.47914911806583405 0.6750903278589249 0.9578852355480194 0.6342990100383759
