2 0.11257634684443474 0.47305551171302795 0.22471091896295547 0.5311481356620789
2 0.6463841199874878 0.581556499004364 0.4363996982574463 0.6216474771499634
1 0.34998879581689835 0.6270731687545776 0.46475808322429657 0.30641114711761475
2 0.9322228133678436 0.5749197602272034 0.13590866327285767 0.3918938636779785
2 0.9556049704551697 0.5744110941886902 0.08861660957336426 0.39301037788391113
1 0.636639416217804 0.8058180212974548 0.4711794853210449 0.3880549669265747
2 0.8281422257423401 0.42276111990213394 0.18499267101287842 0.38382308185100555
1 0.5069238543510437 0.6272575855255127 0.7746982574462891 0.30734145641326904
2 0.11257634684443474 0.47305551171302795 0.22471091896295547 0.5311481356620789
2 0.6463841199874878 0.581556499004364 0.4363996982574463 0.6216474771499634
1 0.34998879581689835 0.6270731687545776 0.46475808322429657 0.30641114711761475
2 0.9322228133678436 0.5749197602272034 0.13590866327285767 0.3918938636779785
2 0.9556049704551697 0.5744110941886902 0.08861660957336426 0.39301037788391113
1 0.636639416217804 0.8058180212974548 0.4711794853210449 0.3880549669265747
2 0.8281422257423401 0.42276111990213394 0.18499267101287842 0.38382308185100555
1 0.5069238543510437 0.6272575855255127 0.7746982574462891 0.30734145641326904
