1 0.6717007905244827 0.5406634211540222 0.4856887757778168 0.6539276838302612
2 0.9079809188842773 0.6776419281959534 0.18391680717468262 0.5210365056991577
2 0.9081939458847046 0.6418300271034241 0.18345189094543457 0.6234651803970337
2 0.19357802718877792 0.6017806529998779 0.3418179303407669 0.45666468143463135
2 0.12713931500911713 0.7148395776748657 0.21921244263648987 0.4049539566040039
2 0.9080365896224976 0.7085160613059998 0.18381524085998535 0.4112313985824585
2 0.2772872969508171 0.6603242605924606 0.17313827574253082 0.3378078043460846
2 0.1946200430393219 0.6608503460884094 0.3361055254936218 0.3384695053100586
1 0.6717007905244827 0.5406634211540222 0.4856887757778168 0.6539276838302612
2 0.9079809188842773 0.6776419281959534 0.18391680717468262 0.5210365056991577
2 0.9081939458847046 0.6418300271034241 0.18345189094543457 0.6234651803970337
2 0.19357802718877792 0.6017806529998779 0.3418179303407669 0.45666468143463135
2 0.12713931500911713 0.7148395776748657 0.21921244263648987 0.4049539566040039
2 0.9080365896224976 0.7085160613059998 0.18381524085998535 0.4112313985824585
2 0.2772872969508171 0.6603242605924606 0.17313827574253082 0.3378078043460846
2 0.1946200430393219 0.6608503460884094 0.3361055254936218 0.3384695053100586
