4 0.5986383557319641 0.7796244025230408 0.15632760524749756 0.3235814571380615
1 0.12520305812358856 0.36245252937078476 0.24922409653663635 0.447472408413887
4 0.43196631968021393 0.7504270076751709 0.17035719752311707 0.2921719551086426
2 0.8198418617248535 0.6432659029960632 0.358601450920105 0.3980083465576172
2 0.16650841385126114 0.642016589641571 0.3316616266965866 0.31433844566345215
1 0.6258474439382553 0.6004779189825058 0.3462047874927521 0.6801910698413849
2 0.1210033968091011 0.6436825543642044 0.24091045558452606 0.3153291642665863
1 0.6280441880226135 0.34525054693222046 0.18297791481018066 0.16708290576934814
1 0.42058102786540985 0.6002996414899826 0.1952369511127472 0.5929724276065826
1 0.5619853138923645 0.6003822535276413 0.47497737407684326 0.6794523298740387
1 0.6276071071624756 0.37717482447624207 0.18320930004119873 0.2328130006790161
