2 0.62946517765522 0.5989875793457031 0.7410753667354584 0.8011634349822998
1 0.14201832562685013 0.7045804709196091 0.2837016433477402 0.5525440275669098
1 0.14166123420000076 0.7826024293899536 0.2830842584371567 0.4216928482055664
1 0.2586376518011093 0.6821186989545822 0.5174241364002228 0.5236002504825592
1 0.27563488483428955 0.7032647132873535 0.5520046949386597 0.570266604423523
2 0.62946517765522 0.5989875793457031 0.7410753667354584 0.8011634349822998
1 0.14201832562685013 0.7045804709196091 0.2837016433477402 0.5525440275669098
1 0.14166123420000076 0.7826024293899536 0.2830842584371567 0.4216928482055664
1 0.2586376518011093 0.6821186989545822 0.5174241364002228 0.5236002504825592
1 0.27563488483428955 0.7032647132873535 0.5520046949386597 0.570266604423523
