4 0.11100002750754356 0.7431468963623047 0.22171325236558914 0.13089346885681152
2 0.6394405364990234 0.359883576631546 0.14656448364257812 0.22055399417877197
2 0.349032461643219 0.32089918851852417 0.20966535806655884 0.2916259765625
2 0.8695026636123657 0.3909543752670288 0.2608832120895386 0.5423399209976196
4 0.1296909600496292 0.6573754549026489 0.2593607008457184 0.059140563011169434
2 0.6411492228507996 0.39556679129600525 0.09747767448425293 0.14105111360549927
4 0.11100002750754356 0.7431468963623047 0.22171325236558914 0.13089346885681152
2 0.6394405364990234 0.359883576631546 0.14656448364257812 0.22055399417877197
2 0.349032461643219 0.32089918851852417 0.20966535806655884 0.2916259765625
2 0.8695026636123657 0.3909543752670288 0.2608832120895386 0.5423399209976196
4 0.1296909600496292 0.6573754549026489 0.2593607008457184 0.059140563011169434
2 0.6411492228507996 0.39556679129600525 0.09747767448425293 0.14105111360549927
