4 0.2264970913529396 0.7270224094390869 0.45316605269908905 0.29265642166137695
4 0.7624990940093994 0.7472144961357117 0.4749948978424072 0.10958290100097656
4 0.7856025099754333 0.6563872694969177 0.37952446937561035 0.08959829807281494
4 0.6650145649909973 0.8785995841026306 0.669224739074707 0.1898428201675415
4 0.6988470554351807 0.610949695110321 0.20197582244873047 0.0956040620803833
4 0.2264970913529396 0.7270224094390869 0.45316605269908905 0.29265642166137695
4 0.7624990940093994 0.7472144961357117 0.4749948978424072 0.10958290100097656
4 0.7856025099754333 0.6563872694969177 0.37952446937561035 0.08959829807281494
4 0.6650145649909973 0.8785995841026306 0.669224739074707 0.1898428201675415
4 0.6988470554351807 0.610949695110321 0.20197582244873047 0.0956040620803833
