3 0.4044089764356613 0.6371377557516098 0.4484182894229889 0.5066182911396027
2 0.9147835373878479 0.547034740447998 0.17007088661193848 0.4479149580001831
3 0.1025804914534092 0.682047426700592 0.20466434210538864 0.3004486560821533
2 0.39068081974983215 0.5035320371389389 0.6090453267097473 0.7723648846149445
2 0.10911151394248009 0.5795436352491379 0.21759969741106033 0.5051313936710358
3 0.9200010299682617 0.6298735737800598 0.15935063362121582 0.28102171421051025
3 0.10270484536886215 0.6565065383911133 0.20508013665676117 0.24721431732177734
2 0.3905341625213623 0.45976854860782623 0.6086082458496094 0.6837491691112518
3 0.4044089764356613 0.6371377557516098 0.4484182894229889 0.5066182911396027
2 0.9147835373878479 0.547034740447998 0.17007088661193848 0.4479149580001831
3 0.1025804914534092 0.682047426700592 0.20466434210538864 0.3004486560821533
2 0.39068081974983215 0.5035320371389389 0.6090453267097473 0.7723648846149445
2 0.10911151394248009 0.5795436352491379 0.21759969741106033 0.5051313936710358
3 0.9200010299682617 0.6298735737800598 0.15935063362121582 0.28102171421051025
3 0.10270484536886215 0.6565065383911133 0.20508013665676117 0.24721431732177734
2 0.3905341625213623 0.45976854860782623 0.6086082458496094 0.6837491691112518
