1 0.9363753497600555 0.5165849328041077 0.12726837396621704 0.31154441833496094
1 0.29309414327144623 0.5757023692131042 0.585737019777298 0.723642110824585
1 0.6903077960014343 0.41109873354434967 0.14419567584991455 0.22104892134666443
1 0.8486192226409912 0.3996245115995407 0.12542510032653809 0.2426559031009674
1 0.46929532289505005 0.42840269207954407 0.048403382301330566 0.06020396947860718
1 0.9363753497600555 0.5165849328041077 0.12726837396621704 0.31154441833496094
1 0.29309414327144623 0.5757023692131042 0.585737019777298 0.723642110824585
1 0.6903077960014343 0.41109873354434967 0.14419567584991455 0.22104892134666443
1 0.8486192226409912 0.3996245115995407 0.12542510032653809 0.2426559031009674
1 0.46929532289505005 0.42840269207954407 0.048403382301330566 0.06020396947860718
