1 0.9104219973087311 0.3405798301100731 0.17936581373214722 0.2749580889940262
2 0.5615305304527283 0.6252783536911011 0.4051053524017334 0.6420791149139404
1 0.07123208045959473 0.28338736295700073 0.1423334777355194 0.341405987739563
2 0.11399880051612854 0.773874819278717 0.22777557373046875 0.45188820362091064
2 0.11427848041057587 0.6985614150762558 0.22861862182617188 0.6021652519702911
2 0.03828679397702217 0.5894011855125427 0.07641834765672684 0.08404767513275146
2 0.11406353116035461 0.8111265301704407 0.22810128331184387 0.37730348110198975
1 0.9104219973087311 0.3405798301100731 0.17936581373214722 0.2749580889940262
2 0.5615305304527283 0.6252783536911011 0.4051053524017334 0.6420791149139404
1 0.07123208045959473 0.28338736295700073 0.1423334777355194 0.341405987739563
2 0.11399880051612854 0.773874819278717 0.22777557373046875 0.45188820362091064
2 0.11427848041057587 0.6985614150762558 0.22861862182617188 0.6021652519702911
2 0.03828679397702217 0.5894011855125427 0.07641834765672684 0.08404767513275146
2 0.11406353116035461 0.8111265301704407 0.22810128331184387 0.37730348110198975
