3 0.4786335527896881 0.49592921882867813 0.22331923246383667 0.49752525985240936
2 0.14926397055387497 0.3066853880882263 0.23495472967624664 0.26930367946624756
1 0.8025057911872864 0.5403578281402588 0.24272370338439941 0.26171255111694336
1 0.10068317502737045 0.5437370538711548 0.2006233185529709 0.2678717374801636
1 0.1603846475481987 0.5437645316123962 0.3197597414255142 0.267278790473938
1 0.2702525779604912 0.6235506534576416 0.1018616110086441 0.09730827808380127
3 0.48212379217147827 0.8668860793113708 0.19029653072357178 0.2621718645095825
3 0.4786335527896881 0.49592921882867813 0.22331923246383667 0.49752525985240936
2 0.14926397055387497 0.3066853880882263 0.23495472967624664 0.26930367946624756
1 0.8025057911872864 0.5403578281402588 0.24272370338439941 0.26171255111694336
1 0.10068317502737045 0.5437370538711548 0.2006233185529709 0.2678717374801636
1 0.1603846475481987 0.5437645316123962 0.3197597414255142 0.267278790473938
1 0.2702525779604912 0.6235506534576416 0.1018616110086441 0.09730827808380127
3 0.48212379217147827 0.8668860793113708 0.19029653072357178 0.2621718645095825
