3 0.641426682472229 0.6027914136648178 0.27834200859069824 0.46477678418159485
3 0.8067406415939331 0.41833028197288513 0.12146937847137451 0.18396371603012085
3 0.1913260817527771 0.027917489409446716 0.09146496653556824 0.05590339004993439
3 0.08543754927814007 0.028678273782134056 0.07557294145226479 0.05747846141457558
3 0.9547468423843384 0.02830810472369194 0.0692974328994751 0.05660028010606766
3 0.871564507484436 0.028582435101270676 0.07466530799865723 0.05720832198858261
3 0.641426682472229 0.6027914136648178 0.27834200859069824 0.46477678418159485
3 0.8067406415939331 0.41833028197288513 0.12146937847137451 0.18396371603012085
3 0.1913260817527771 0.027917489409446716 0.09146496653556824 0.05590339004993439
3 0.08543754927814007 0.028678273782134056 0.07557294145226479 0.05747846141457558
3 0.9547468423843384 0.02830810472369194 0.0692974328994751 0.05660028010606766
3 0.871564507484436 0.028582435101270676 0.07466530799865723 0.05720832198858261
