1 0.5142760872840881 0.6044267416000366 0.4456641674041748 0.5996062755584717
2 0.7552700042724609 0.7106816619634628 0.4890732765197754 0.5778742134571075
2 0.10740125179290771 0.6472159028053284 0.21473026275634766 0.3703542947769165
1 0.7256907820701599 0.6880863904953003 0.11889386177062988 0.18655657768249512
2 0.10739593207836151 0.7065612077713013 0.21456629037857056 0.2492072582244873
2 0.10742760449647903 0.5741657614707947 0.2151689976453781 0.5190094709396362
1 0.5142760872840881 0.6044267416000366 0.4456641674041748 0.5996062755584717
2 0.7552700042724609 0.7106816619634628 0.4890732765197754 0.5778742134571075
2 0.10740125179290771 0.6472159028053284 0.21473026275634766 0.3703542947769165
1 0.7256907820701599 0.6880863904953003 0.11889386177062988 0.18655657768249512
2 0.10739593207836151 0.7065612077713013 0.21456629037857056 0.2492072582244873
2 0.10742760449647903 0.5741657614707947 0.2151689976453781 0.5190094709396362
