1 0.5118153840303421 0.7163417935371399 0.20231959223747253 0.3244539499282837
2 0.40755507349967957 0.4249482750892639 0.059594810009002686 0.13667595386505127
1 0.24469774961471558 0.6059236973524094 0.22318929433822632 0.2432517111301422
2 0.11702631786465645 0.5305309295654297 0.14578505605459213 0.4302961826324463
1 0.8369749188423157 0.6805911064147949 0.32582128047943115 0.31881654262542725
2 0.5239379853010178 0.45120030641555786 0.07901373505592346 0.09447908401489258
2 0.45681026577949524 0.47312262654304504 0.03586357831954956 0.040907084941864014
1 0.5118153840303421 0.7163417935371399 0.20231959223747253 0.3244539499282837
2 0.40755507349967957 0.4249482750892639 0.059594810009002686 0.13667595386505127
1 0.24469774961471558 0.6059236973524094 0.22318929433822632 0.2432517111301422
2 0.11702631786465645 0.5305309295654297 0.14578505605459213 0.4302961826324463
1 0.8369749188423157 0.6805911064147949 0.32582128047943115 0.31881654262542725
2 0.5239379853010178 0.45120030641555786 0.07901373505592346 0.09447908401489258
2 0.45681026577949524 0.47312262654304504 0.03586357831954956 0.040907084941864014
