2 0.4698314666748047 0.488603413105011 0.5346784591674805 0.6783467531204224
1 0.1752784624695778 0.5560675859451294 0.3504653424024582 0.4416104555130005
2 0.3858090490102768 0.18954060226678848 0.3681085407733917 0.3255089968442917
1 0.7701598405838013 0.5605791211128235 0.4596099853515625 0.4767739772796631
1 0.4999961853027344 0.5600831508636475 0.9999995231628418 0.47489190101623535
1 0.8457927703857422 0.6462547779083252 0.3085508346557617 0.30422866344451904
2 0.4698314666748047 0.488603413105011 0.5346784591674805 0.6783467531204224
1 0.1752784624695778 0.5560675859451294 0.3504653424024582 0.4416104555130005
2 0.3858090490102768 0.18954060226678848 0.3681085407733917 0.3255089968442917
1 0.7701598405838013 0.5605791211128235 0.4596099853515625 0.4767739772796631
1 0.4999961853027344 0.5600831508636475 0.9999995231628418 0.47489190101623535
1 0.8457927703857422 0.6462547779083252 0.3085508346557617 0.30422866344451904
