4 0.9246166944503784 0.6522517651319504 0.15071618556976318 0.4101802408695221
4 0.9454864263534546 0.5211614519357681 0.10885214805603027 0.14566633105278015
4 0.16802166402339935 0.7251648306846619 0.3354521691799164 0.15457141399383545
4 0.9258794188499451 0.8013827204704285 0.14811086654663086 0.10934638977050781
4 0.9410120844841003 0.6733676791191101 0.11783373355865479 0.15402936935424805
4 0.9246166944503784 0.6522517651319504 0.15071618556976318 0.4101802408695221
4 0.9454864263534546 0.5211614519357681 0.10885214805603027 0.14566633105278015
4 0.16802166402339935 0.7251648306846619 0.3354521691799164 0.15457141399383545
4 0.9258794188499451 0.8013827204704285 0.14811086654663086 0.10934638977050781
4 0.9410120844841003 0.6733676791191101 0.11783373355865479 0.15402936935424805
