4 0.5344429612159729 0.665718674659729 0.3141885995864868 0.4308903217315674
1 0.5607694536447525 0.49564211070537567 0.36635586619377136 0.7706424295902252
1 0.8009303212165833 0.6349490880966187 0.23289084434509277 0.3174823522567749
1 0.6120947003364563 0.2994452118873596 0.26418793201446533 0.3757038116455078
1 0.8007354140281677 0.544216513633728 0.2327861785888672 0.49888408184051514
4 0.5344429612159729 0.665718674659729 0.3141885995864868 0.4308903217315674
1 0.5607694536447525 0.49564211070537567 0.36635586619377136 0.7706424295902252
1 0.8009303212165833 0.6349490880966187 0.23289084434509277 0.3174823522567749
1 0.6120947003364563 0.2994452118873596 0.26418793201446533 0.3757038116455078
1 0.8007354140281677 0.544216513633728 0.2327861785888672 0.49888408184051514
