2 0.13527534902095795 0.4867234230041504 0.2701054513454437 0.41816818714141846
2 0.886118471622467 0.4661594405770302 0.2276909351348877 0.4621026962995529
2 0.8342162370681763 0.4659576714038849 0.3313866853713989 0.46226996183395386
2 0.08219503238797188 0.4873896688222885 0.16420718282461166 0.4143836796283722
2 0.9153936505317688 0.46737878769636154 0.16923749446868896 0.4577624946832657
2 0.13527534902095795 0.4867234230041504 0.2701054513454437 0.41816818714141846
2 0.886118471622467 0.4661594405770302 0.2276909351348877 0.4621026962995529
2 0.8342162370681763 0.4659576714038849 0.3313866853713989 0.46226996183395386
2 0.08219503238797188 0.4873896688222885 0.16420718282461166 0.4143836796283722
2 0.9153936505317688 0.46737878769636154 0.16923749446868896 0.4577624946832657
