4 0.5263803601264954 0.6822808980941772 0.9462457895278931 0.3858150243759155
4 0.08863309025764465 0.339358389377594 0.17732000350952148 0.05518150329589844
1 0.17170284688472748 0.3642658665776253 0.34222468733787537 0.37645111978054047
1 0.2809477671980858 0.2581677734851837 0.12191350758075714 0.16417086124420166
1 0.22816010564565659 0.25937652587890625 0.22780807316303253 0.16686111688613892
1 0.22923874855041504 0.35513240098953247 0.22782570123672485 0.3579421043395996
4 0.5263803601264954 0.6822808980941772 0.9462457895278931 0.3858150243759155
4 0.08863309025764465 0.339358389377594 0.17732000350952148 0.05518150329589844
1 0.17170284688472748 0.3642658665776253 0.34222468733787537 0.37645111978054047
1 0.2809477671980858 0.2581677734851837 0.12191350758075714 0.16417086124420166
1 0.22816010564565659 0.25937652587890625 0.22780807316303253 0.16686111688613892
1 0.22923874855041504 0.35513240098953247 0.22782570123672485 0.3579421043395996
