3 0.26118040084838867 0.48975053429603577 0.06089109182357788 0.07021182775497437
3 0.7808473706245422 0.5105305165052414 0.16022062301635742 0.1649281084537506
2 0.24931497126817703 0.424120768904686 0.21990631520748138 0.20035973191261292
2 0.7869964241981506 0.4828465133905411 0.18062198162078857 0.2220117747783661
2 0.6494663953781128 0.5035962462425232 0.1272413730621338 0.16582870483398438
2 0.7316020727157593 0.4682055562734604 0.2921992540359497 0.2499101459980011
3 0.26118040084838867 0.48975053429603577 0.06089109182357788 0.07021182775497437
3 0.7808473706245422 0.5105305165052414 0.16022062301635742 0.1649281084537506
2 0.24931497126817703 0.424120768904686 0.21990631520748138 0.20035973191261292
2 0.7869964241981506 0.4828465133905411 0.18062198162078857 0.2220117747783661
2 0.6494663953781128 0.5035962462425232 0.1272413730621338 0.16582870483398438
2 0.7316020727157593 0.4682055562734604 0.2921992540359497 0.2499101459980011
