2 0.8242680430412292 0.6565312147140503 0.34986913204193115 0.3795970678329468
1 0.30675381422042847 0.11581249162554741 0.12667328119277954 0.10109207779169083
4 0.5040676593780518 0.6677485108375549 0.1571953296661377 0.20119822025299072
4 0.453726589679718 0.14276354014873505 0.0532374382019043 0.0707845389842987
1 0.3847385346889496 0.5339958667755127 0.036666929721832275 0.04857635498046875
1 0.4987625926733017 0.5871414095163345 0.1835726797580719 0.3617696464061737
4 0.3542669415473938 0.49450258910655975 0.03645980358123779 0.12085452675819397
4 0.33043423295021057 0.28753259778022766 0.057259321212768555 0.05938535928726196
4 0.30450278520584106 0.14549744129180908 0.03133845329284668 0.04056712985038757
4 0.4964101165533066 0.2885962724685669 0.04477992653846741 0.06760895252227783
4 0.44446903467178345 0.3002094030380249 0.042104482650756836 0.04298919439315796
4 0.4459753930568695 0.528538167476654 0.06605017185211182 0.04813945293426514
