2 0.8841296434402466 0.3401891812682152 0.23192667961120605 0.45673294365406036
1 0.5073708295822144 0.5741953104734421 0.34684109687805176 0.4571494162082672
1 0.1188223622739315 0.63795305788517 0.2376534417271614 0.6382255256175995
2 0.1728334277868271 0.2123052105307579 0.34496256709098816 0.34970732033252716
1 0.9472426176071167 0.781545102596283 0.10542082786560059 0.43647289276123047
2 0.17272879928350449 0.2838766351342201 0.3450099974870682 0.4928087443113327
1 0.9288334548473358 0.7803227305412292 0.14241868257522583 0.43721139430999756
2 0.8841296434402466 0.3401891812682152 0.23192667961120605 0.45673294365406036
1 0.5073708295822144 0.5741953104734421 0.34684109687805176 0.4571494162082672
1 0.1188223622739315 0.63795305788517 0.2376534417271614 0.6382255256175995
2 0.1728334277868271 0.2123052105307579 0.34496256709098816 0.34970732033252716
1 0.9472426176071167 0.781545102596283 0.10542082786560059 0.43647289276123047
2 0.17272879928350449 0.2838766351342201 0.3450099974870682 0.4928087443113327
1 0.9288334548473358 0.7803227305412292 0.14241868257522583 0.43721139430999756
