2 0.746223509311676 0.637961819767952 0.4549483060836792 0.5129340589046478
1 0.37620341777801514 0.502373456954956 0.12723368406295776 0.11371433734893799
1 0.24934476613998413 0.3644675314426422 0.1522209644317627 0.17846351861953735
1 0.5440685153007507 0.3720923662185669 0.06459832191467285 0.16644316911697388
2 0.30434633046388626 0.6443913578987122 0.32947729527950287 0.32582592964172363
1 0.14220203459262848 0.5109129697084427 0.28395602107048035 0.976604551076889
1 0.7056778073310852 0.5299881845712662 0.09662449359893799 0.1838359534740448
2 0.2955568730831146 0.6032547354698181 0.3454704284667969 0.4081566333770752
1 0.22803448885679245 0.36485204100608826 0.19495178759098053 0.18040448427200317
2 0.746223509311676 0.637961819767952 0.4549483060836792 0.5129340589046478
1 0.37620341777801514 0.502373456954956 0.12723368406295776 0.11371433734893799
1 0.24934476613998413 0.3644675314426422 0.1522209644317627 0.17846351861953735
1 0.5440685153007507 0.3720923662185669 0.06459832191467285 0.16644316911697388
2 0.30434633046388626 0.6443913578987122 0.32947729527950287 0.32582592964172363
1 0.14220203459262848 0.5109129697084427 0.28395602107048035 0.976604551076889
1 0.7056778073310852 0.5299881845712662 0.09662449359893799 0.1838359534740448
2 0.2955568730831146 0.6032547354698181 0.3454704284667969 0.4081566333770752
1 0.22803448885679245 0.36485204100608826 0.19495178759098053 0.18040448427200317
