3 0.5026092976331711 0.6770251989364624 0.19625261425971985 0.3613940477371216
3 0.6474995613098145 0.483209565281868 0.11735165119171143 0.14180001616477966
3 0.11708694696426392 0.693551778793335 0.06555506587028503 0.18865561485290527
3 0.9038646817207336 0.5163994431495667 0.057978034019470215 0.11116206645965576
3 0.6494841575622559 0.44819942116737366 0.13057208061218262 0.22083276510238647
3 0.5026092976331711 0.6770251989364624 0.19625261425971985 0.3613940477371216
3 0.6474995613098145 0.483209565281868 0.11735165119171143 0.14180001616477966
3 0.11708694696426392 0.693551778793335 0.06555506587028503 0.18865561485290527
3 0.9038646817207336 0.5163994431495667 0.057978034019470215 0.11116206645965576
3 0.6494841575622559 0.44819942116737366 0.13057208061218262 0.22083276510238647
