1 0.8933261036872864 0.5287830382585526 0.2132796049118042 0.44793447852134705
1 0.1770244613289833 0.5771990865468979 0.3539014309644699 0.6313875019550323
2 0.14940543472766876 0.3119966983795166 0.13455581665039062 0.17602801322937012
2 0.23038042336702347 0.344294935464859 0.08604376018047333 0.11348980665206909
2 0.0439774114638567 0.23444974422454834 0.08805614337325096 0.20576542615890503
2 0.176080584526062 0.3131793141365051 0.19029474258422852 0.17855125665664673
2 0.8161986470222473 0.02052364405244589 0.055174946784973145 0.041207047179341316
4 0.2820976600050926 0.40841779112815857 0.10624684393405914 0.04388308525085449
4 0.28193244338035583 0.41594594717025757 0.1056748628616333 0.028227925300598145
2 0.04394214414060116 0.21262484788894653 0.08785863593220711 0.16176444292068481
