1 0.47291402518749237 0.5369175672531128 0.5833200514316559 0.5869559049606323
2 0.8613411486148834 0.7558268904685974 0.27774518728256226 0.4820479154586792
2 0.1133975237607956 0.7227304577827454 0.22607147693634033 0.3850283622741699
1 0.09044497832655907 0.404036745429039 0.18097008019685745 0.2600267231464386
2 0.11290759220719337 0.6917300224304199 0.2256256863474846 0.3195645809173584
2 0.8676027655601501 0.7159102559089661 0.2649296522140503 0.4020611047744751
1 0.47291402518749237 0.5369175672531128 0.5833200514316559 0.5869559049606323
2 0.8613411486148834 0.7558268904685974 0.27774518728256226 0.4820479154586792
2 0.1133975237607956 0.7227304577827454 0.22607147693634033 0.3850283622741699
1 0.09044497832655907 0.404036745429039 0.18097008019685745 0.2600267231464386
2 0.11290759220719337 0.6917300224304199 0.2256256863474846 0.3195645809173584
2 0.8676027655601501 0.7159102559089661 0.2649296522140503 0.4020611047744751
