3 0.5051840543746948 0.7100213766098022 0.24808192253112793 0.29911065101623535
2 0.08201621100306511 0.5935919880867004 0.16399899870157242 0.24229419231414795
3 0.7034066319465637 0.5215395092964172 0.08042430877685547 0.12067878246307373
1 0.2630103975534439 0.4098413288593292 0.525889128446579 0.546679675579071
3 0.7026292085647583 0.5335146188735962 0.07830262184143066 0.09443223476409912
3 0.5051840543746948 0.7100213766098022 0.24808192253112793 0.29911065101623535
2 0.08201621100306511 0.5935919880867004 0.16399899870157242 0.24229419231414795
3 0.7034066319465637 0.5215395092964172 0.08042430877685547 0.12067878246307373
1 0.2630103975534439 0.4098413288593292 0.525889128446579 0.546679675579071
3 0.7026292085647583 0.5335146188735962 0.07830262184143066 0.09443223476409912
